0.0802969
0.0802974
0.0802975
0.0802975
0.0802976
0.0802976
0.0802977
0.0802977
0.0802978
0.0802978
0.0802978
0.0802979
0.0802979
0.080298
0.0802981
0.0802981
0.0802982
0.0802984
0.0802984
0.0802987
0.0802989
0.0802989
0.0802995
0.0802997
0.0803
0.0803005
0.0803008
0.0803012
0.0803015
0.0803018
0.0803018
0.0803022
0.0803025
0.0803029
0.0803036
0.080304
0.0803048
0.0803052
0.0803052
0.0803059
0.0803063
0.0803063
0.0803071
0.0803079
0.0803079
0.0803082
0.0803084
0.0803086
0.0803089
0.0803089
0.0803089
0.080309
0.0803091
0.0803091
0.0803092
0.0803093
0.0803093
0.0803094
0.0803094
0.0803094
0.0803094
0.0803094
0.0803093
0.0803093
0.0803092
0.0803091
0.080309
0.0803089
0.0803088
0.0803087
0.0803085
0.0803084
0.0803082
0.0803082
0.0803079
0.0803077
0.0803075
0.0803073
0.0803071
0.0803069
0.0803067
0.0803065
0.0803063
0.080306
0.0803058
0.0803055
0.0803052
0.080305
0.0803047
0.0803045
0.0803042
0.0803042
0.0803036
0.0803033
0.0803033
0.0803028
0.0803025
0.0803022
0.0803019
0.0803016
0.0803016
0.0803009
0.0803006
0.0803003
0.0803003
0.0802996
0.0802996
0.080299
0.0802986
0.0802983
0.080298
0.0802977
0.0802974
0.080297
0.0802967
0.0802963
0.080296
0.0802953
0.0802949
0.0802946
0.0802939
0.0802939
0.0802936
0.0802936
0.0802929
0.0802929
0.0802926
0.0802922
0.0802919
0.0802915
0.0802912
0.0802909
0.0802906
0.0802906
0.08029
0.08029
0.0802893
0.080289
0.0802887
0.0802883
0.080288
0.0802877
0.0802873
0.0802869
0.0802866
0.0802862
0.0802859
0.0802856
0.0802856
0.080285
0.0802847
0.0802844
0.0802841
0.0802838
0.0802835
0.0802832
0.0802828
0.0802828
0.0802822
0.0802822
0.0802815
0.0802812
0.0802809
0.0802807
0.0802804
0.0802804
0.0802798
0.0802795
0.0802791
0.0802788
0.0802785
0.0802783
0.080278
0.0802777
0.0802774
0.0802774
0.0802768
0.0802765
0.0802763
0.080276
0.0802758
0.0802755
0.0802752
0.080275
0.0802747
0.0802744
0.0802741
0.0802738
0.0802736
0.0802733
0.0802731
0.0802731
0.0802726
0.0802723
0.0802721
0.0802719
0.0802717
0.0802714
0.0802712
0.0802709
0.0802707
0.0802704
0.0802702
0.0802699
0.0802697
0.0802695
0.0802692
0.080269
0.080269
0.0802686
0.0802684
0.0802682
0.080268
0.0802678
0.0802676
0.0802674
0.0802672
0.0802669
0.0802667
0.0802665
0.0802663
0.0802661
0.0802659
0.0802657
0.0802655
0.0802653
0.0802652
0.080265
0.0802648
0.0802646
0.0802645
0.0802643
0.0802641
0.0802639
0.0802637
0.0802636
0.0802634
0.0802632
0.0802631
0.0802629
0.0802628
0.0802626
0.0802625
0.0802623
0.0802622
0.080262
0.0802619
0.0802617
0.0802616
0.0802614
0.0802613
0.0802612
0.080261
0.0802609
0.0802608
0.0802606
0.0802605
0.0802604
0.0802603
0.0802601
0.08026
0.0802599
0.0802598
0.0802597
0.0802595
0.0802594
0.0802593
0.0802592
0.0802591
0.080259
0.0802589
0.0802588
0.0802587
0.0802586
0.0802586
0.0802585
0.0802584
0.0802583
0.0802582
0.0802581
0.080258
0.080258
0.0802579
0.0802578
0.0802577
0.0802577
0.0802576
0.0802575
0.0802575
0.0802574
0.0802573
0.0802573
0.0802572
0.0802572
0.0802571
0.0802571
0.080257
0.080257
0.0802569
0.0802569
0.0802569
0.0802568
0.0802568
0.0802567
0.0802567
0.0802567
0.0802566
0.0802566
0.0802566
0.0802566
0.0802566
0.0802565
0.0802565
0.0802565
0.0802565
0.0802565
0.0802565
0.0802565
0.0802565
0.0802565
0.0802565
0.0802565
0.0802565
0.0802565
0.0802565
0.0802565
0.0802565
0.0802565
0.0802565
0.0802565
0.0802566
0.0802566
0.0802567
0.0802567
0.0802567
0.0802567
0.0802567
0.0802567
0.0802567
0.0802568
0.0802568
0.0802569
0.0802569
0.0802569
0.0802569
0.080257
0.080257
0.0802571
0.0802572
0.0802573
0.0802574
0.0802574
0.0802575
0.0802575
0.0802575
0.0802576
0.0802576
0.0802577
0.0802577
0.0802578
0.0802578
0.0802581
0.0802582
0.0802583
0.0802585
0.0802586
0.0802587
0.0802587
0.0802587
0.0802588
0.0802588
0.0802589
0.0802589
0.0802591
0.0802592
0.0802593
0.0802594
0.0802596
0.0802597
0.0802598
0.0802599
0.0802601
0.0802602
0.0802603
0.0802604
0.0802605
0.0802606
0.0802608
0.0802609
0.080261
0.0802612
0.0802613
0.0802614
0.0802616
0.0802617
0.0802619
0.080262
0.0802622
0.0802623
0.0802625
0.0802626
0.0802628
0.080263
0.0802631
0.0802631
0.0802634
0.0802634
0.0802638
0.080264
0.0802642
0.0802645
0.0802647
0.0802648
0.080265
0.0802651
0.0802652
0.0802653
0.0802655
0.0802656
0.0802658
0.0802658
0.0802663
0.0802665
0.0802667
0.080267
0.0802673
0.0802675
0.0802677
0.0802679
0.080268
0.0802682
0.0802684
0.0802685
0.0802688
0.080269
0.0802692
0.0802694
0.0802697
0.0802699
0.0802702
0.0802702
0.0802707
0.0802709
0.0802712
0.0802714
0.0802717
0.0802719
0.0802722
0.0802722
0.0802726
0.0802728
0.0802733
0.0802733
0.0802733
0.0802739
0.0802742
0.0802745
0.0802748
0.0802748
0.0802753
0.0802753
0.0802757
0.080276
0.080276
0.0802766
0.0802768
0.0802772
0.0802775
0.0802778
0.0802781
0.0802781
0.0802785
0.0802788
0.080279
0.0802793
0.0802796
0.08028
0.0802803
0.0802803
0.0802809
0.0802812
0.0802815
0.0802818
0.0802818
0.0802825
0.0802828
0.0802832
0.0802835
0.0802838
0.0802838
0.0802844
0.0802847
0.0802847
0.0802854
0.0802857
0.0802861
0.0802865
0.0802865
0.0802872
0.0802875
0.0802879
0.0802882
0.0802885
0.0802888
0.0802888
0.0802895
0.0802898
0.0802902
0.0802906
0.080291
0.0802914
0.0802917
0.0802921
0.0802925
0.0802928
0.0802932
0.0802935
0.0802939
0.0802939
0.0802947
0.0802947
0.0802955
0.0802959
0.0802964
0.0802964
0.0802973
0.0802977
0.0802977
0.0802984
0.0802988
0.0802991
0.0802995
0.0802999
0.0803003
0.0803003
0.0803011
0.0803014
0.0803019
0.0803023
0.0803028
0.0803032
0.0803032
0.0803041
0.0803041
0.0803049
0.0803054
0.0803054
0.0803063
0.0803068
0.0803073
0.0803077
0.0803082
0.0803086
0.0803086
0.0803093
0.0803097
0.0803106
0.080311
0.0803115
0.080312
0.0803124
0.0803128
0.0803134
0.0803137
0.0803141
0.0803145
0.0803151
0.0803156
0.0803162
0.0803167
0.0803173
0.0803173
0.0803183
0.0803187
0.0803192
0.0803192
0.0803196
0.08032
0.0803205
0.080321
0.080321
0.080321
0.080322
0.0803225
0.0803231
0.0803237
0.0803237
0.080325
0.0803256
0.0803262
0.0803268
0.0803278
0.0803283
0.0803286
0.0803286
0.080329
0.0803293
0.0803297
0.0803302
0.0803307
0.0803313
0.0803319
0.0803325
0.0803338
0.0803351
0.0803351
0.0803363
0.0803363
0.0803392
0.0803396
0.08034
0.0803409
0.0803413
0.0803417
0.0803421
0.0803425
0.0803429
0.080344
0.0803446
0.0803451
0.0803457
0.0803463
0.080347
0.080347
0.0803476
0.0803476
0.0803488
0.0803495
0.0803495
0.0803508
0.0803515
0.0803521
0.0803528
0.0803528
0.0803541
0.0803547
0.0803553
0.0803559
0.0803565
0.080357
0.0803576
0.0803582
0.0803588
0.0803594
0.0803601
0.0803607
0.0803613
0.0803619
0.0803626
0.0803632
0.0803639
0.0803651
0.0803658
0.0803664
0.0803671
0.0803671
0.0803677
0.0803682
0.0803688
0.0803694
0.08037
0.08037
0.0803713
0.080372
0.0803726
0.0803733
0.080374
0.0803753
0.0803759
0.0803759
0.0803772
0.0803778
0.0803785
0.0803785
0.0803791
0.0803797
0.0803803
0.080381
0.0803816
0.0803822
0.0803829
0.0803835
0.0803842
0.0803848
0.0803855
0.0803861
0.0803867
0.0803874
0.080388
0.0803887
0.0803893
0.08039
0.0803906
0.0803912
0.0803919
0.0803925
0.0803931
0.0803938
0.0803944
0.0803951
0.0803957
0.0803963
0.080397
0.0803976
0.0803983
0.0803989
0.0804002
0.0804008
0.0804014
0.0804021
0.0804027
0.0804027
0.0804033
0.0804039
0.0804045
0.0804064
0.080407
0.0804077
0.080409
0.0804096
0.0804109
0.0804115
0.0804122
0.0804134
0.080414
0.0804153
0.0804153
0.0804159
0.0804165
0.0804171
0.0804171
0.0804178
0.0804178
0.080419
0.0804196
0.0804203
0.0804209
0.0804216
0.0804222
0.0804229
0.0804235
0.0804242
0.0804248
0.0804255
0.0804261
0.0804261
0.0804273
0.080428
0.080428
0.0804292
0.0804299
0.0804299
0.0804312
0.0804318
0.0804325
0.0804331
0.0804337
0.080435
0.080435
0.0804356
0.0804362
0.0804374
0.0804374
0.0804374
0.0804386
0.0804392
0.0804398
0.0804404
0.0804411
0.0804417
0.0804423
0.0804429
0.0804436
0.0804442
0.0804448
0.0804454
0.0804454
0.0804466
0.0804472
0.0804479
0.0804485
0.0804491
0.0804497
0.0804503
0.080451
0.0804516
0.0804522
0.0804528
0.0804534
0.080454
0.0804546
0.0804552
0.0804558
0.0804564
0.080457
0.0804576
0.0804576
0.0804588
0.0804594
0.08046
0.0804606
0.0804619
0.0804631
0.0804637
0.0804649
0.0804654
0.0804666
0.0804671
0.0804677
0.0804688
0.0804694
0.0804706
0.0804711
0.0804717
0.0804729
0.0804735
0.0804741
0.0804741
0.0804753
0.0804759
0.0804765
0.0804765
0.0804771
0.0804777
0.0804782
0.0804788
0.0804794
0.08048
0.0804806
0.0804812
0.0804818
0.0804824
0.080483
0.0804836
0.0804842
0.0804842
0.0804854
0.080486
0.0804866
0.0804871
0.0804877
0.0804883
0.0804889
0.0804895
0.08049
0.0804906
0.0804912
0.0804918
0.0804923
0.0804929
0.0804935
0.0804942
0.0804949
0.0804955
0.0804961
0.0804967
0.0804974
0.0804982
0.080499
0.0804997
0.0805004
0.0805009
0.0805017
0.0805025
0.0805034
0.0805043
0.0805051
0.0805059
0.0805067
0.0805074
0.0805082
0.080509
0.08051
0.0805109
0.0805119
0.0805128
0.0805136
0.0805145
0.0805153
0.0805162
0.0805172
0.0805182
0.0805192
0.0805202
0.0805211
0.0805221
0.080523
0.080524
0.0805249
0.0805259
0.080527
0.080528
0.080529
0.08053
0.080531
0.0805321
0.0805321
0.0805341
0.0805351
0.0805363
0.0805385
0.0805385
0.0805397
0.0805407
0.0805416
0.0805425
0.0805435
0.0805445
0.0805457
0.0805469
0.0805481
0.0805493
0.0805504
0.0805515
0.0805525
0.0805536
0.0805547
0.0805558
0.0805569
0.0805581
0.0805592
0.0805604
0.0805615
0.0805627
0.0805638
0.0805649
0.0805661
0.0805672
0.0805684
0.0805696
0.0805707
0.0805719
0.0805731
0.0805742
0.0805754
0.0805766
0.0805778
0.0805789
0.0805801
0.0805813
0.0805825
0.0805837
0.0805837
0.0805861
0.0805873
0.0805886
0.0805899
0.0805911
0.0805924
0.0805935
0.0805947
0.0805958
0.0805969
0.0805981
0.0805993
0.0806006
0.0806018
0.0806031
0.0806044
0.0806056
0.0806069
0.0806081
0.0806093
0.0806106
0.0806118
0.0806131
0.0806143
0.0806156
0.0806168
0.0806181
0.0806193
0.0806206
0.0806218
0.0806231
0.0806244
0.0806257
0.0806269
0.0806282
0.0806295
0.0806308
0.080632
0.0806333
0.0806346
0.0806359
0.0806372
0.0806385
0.0806397
0.080641
0.0806423
0.0806436
0.0806449
0.0806462
0.0806462
0.0806488
0.0806501
0.0806515
0.0806529
0.0806543
0.0806556
0.0806569
0.0806569
0.0806593
0.0806605
0.0806618
0.0806632
0.0806646
0.080666
0.0806673
0.0806686
0.0806686
0.0806712
0.0806738
0.0806738
0.0806738
0.0806765
0.0806765
0.0806793
0.0806822
0.0806822
0.0806837
0.0806851
0.0806864
0.0806876
0.0806888
0.0806901
0.0806901
0.0806927
0.0806941
0.0806956
0.0806971
0.0806986
0.0807001
0.0807015
0.0807028
0.080704
0.0807053
0.0807065
0.0807078
0.0807092
0.0807106
0.080715
0.0807164
0.0807179
0.0807205
0.0807216
0.0807228
0.0807228
0.080724
0.0807252
0.0807266
0.0807282
0.0807299
0.0807316
0.0807333
0.0807349
0.0807364
0.0807379
0.0807392
0.0807405
0.0807418
0.0807431
0.0807444
0.0807458
0.0807472
0.0807487
0.0807501
0.0807516
0.0807531
0.0807546
0.080756
0.0807575
0.0807589
0.0807604
0.0807618
0.0807633
0.0807647
0.0807662
0.0807676
0.0807691
0.0807705
0.080772
0.0807735
0.0807749
0.0807764
0.0807779
0.0807794
0.0807808
0.0807823
0.0807838
0.0807838
0.0807868
0.0807882
0.0807897
0.0807912
0.0807927
0.0807942
0.0807957
0.0807957
0.0807987
0.0808002
0.0808017
0.0808033
0.0808049
0.0808064
0.0808079
0.0808079
0.0808108
0.0808122
0.0808136
0.0808152
0.0808167
0.0808183
0.0808198
0.0808213
0.0808228
0.0808243
0.0808258
0.0808273
0.0808288
0.0808303
0.0808319
0.0808335
0.080835
0.0808366
0.0808381
0.0808397
0.0808412
0.0808428
0.0808443
0.0808459
0.0808474
0.0808489
0.0808505
0.080852
0.080852
0.0808552
0.0808567
0.0808584
0.08086
0.0808617
0.0808633
0.0808649
0.0808664
0.0808678
0.0808693
0.0808708
0.0808723
0.0808739
0.0808755
0.0808771
0.0808787
0.0808803
0.080882
0.0808836
0.0808852
0.0808868
0.0808884
0.08089
0.0808916
0.0808916
0.0808947
0.0808963
0.080898
0.0808997
0.0808997
0.080903
0.0809046
0.0809062
0.0809062
0.0809094
0.0809094
0.0809126
0.0809142
0.0809159
0.0809176
0.0809192
0.0809192
0.0809223
0.0809223
0.0809254
0.080927
0.0809287
0.0809305
0.0809322
0.0809355
0.080937
0.080937
0.08094
0.0809414
0.0809428
0.0809442
0.0809442
0.0809473
0.0809489
0.0809489
0.0809489
0.0809525
0.0809543
0.0809564
0.0809586
0.0809607
0.0809626
0.0809644
0.080966
0.0809675
0.0809675
0.0809703
0.0809717
0.0809733
0.0809733
0.0809768
0.0809768
0.0809804
0.0809822
0.0809841
0.080986
0.0809877
0.0809893
0.0809909
0.0809924
0.0809924
0.0809955
0.0809971
0.0809989
0.0810007
0.0810026
0.0810044
0.0810062
0.0810079
0.0810096
0.0810112
0.0810129
0.0810145
0.0810162
0.0810179
0.0810197
0.0810197
0.0810232
0.081025
0.0810268
0.0810287
0.0810305
0.0810323
0.081034
0.0810357
0.0810373
0.0810389
0.0810406
0.0810406
0.081044
0.0810458
0.0810476
0.0810496
0.0810515
0.0810515
0.0810551
0.0810568
0.0810585
0.0810585
0.081062
0.081062
0.0810655
0.0810673
0.0810692
0.081071
0.0810728
0.0810728
0.0810762
0.0810779
0.0810779
0.0810813
0.0810831
0.081085
0.081087
0.0810889
0.0810889
0.0810925
0.0810925
0.0810959
0.0810976
0.0810994
0.0811013
0.0811031
0.0811049
0.0811067
0.0811084
0.0811101
0.0811101
0.0811136
0.0811154
0.0811173
0.0811193
0.0811193
0.0811233
0.0811251
0.081127
0.0811288
0.0811306
0.0811306
0.0811341
0.0811341
0.0811376
0.0811395
0.0811414
0.0811414
0.0811453
0.0811471
0.081149
0.0811509
0.0811527
0.0811545
0.0811545
0.081158
0.0811598
0.0811616
0.0811636
0.0811636
0.0811675
0.0811694
0.0811713
0.0811733
0.0811752
0.081177
0.0811788
0.0811806
0.0811824
0.0811842
0.081186
0.0811878
0.0811897
0.0811917
0.0811936
0.0811956
0.0811975
0.0811994
0.0812014
0.0812033
0.0812052
0.0812052
0.0812089
0.0812089
0.0812128
0.0812148
0.0812169
0.0812189
0.0812209
0.0812228
0.0812245
0.0812263
0.081228
0.0812297
0.0812315
0.0812334
0.0812354
0.0812374
0.0812394
0.0812415
0.0812435
0.0812455
0.0812455
0.0812494
0.0812513
0.0812513
0.0812553
0.0812573
0.0812594
0.0812614
0.0812634
0.0812653
0.0812671
0.0812688
0.0812706
0.0812724
0.0812742
0.0812762
0.0812782
0.0812802
0.0812823
0.0812844
0.0812864
0.0812884
0.0812904
0.0812924
0.0812943
0.0812963
0.0812982
0.0813002
0.0813021
0.0813041
0.0813061
0.081308
0.08131
0.081312
0.081314
0.081316
0.081318
0.08132
0.081322
0.081324
0.081326
0.081328
0.08133
0.081332
0.081334
0.081336
0.081338
0.08134
0.0813421
0.0813441
0.0813461
0.0813481
0.0813501
0.0813521
0.0813542
0.0813562
0.0813582
0.0813602
0.0813623
0.0813643
0.0813663
0.0813683
0.0813704
0.0813724
0.0813744
0.0813765
0.0813785
0.0813806
0.0813826
0.0813847
0.0813867
0.0813888
0.0813908
0.0813929
0.0813949
0.081397
0.081399
0.0814011
0.0814031
0.0814052
0.0814073
0.0814093
0.0814114
0.0814135
0.0814155
0.0814176
0.0814197
0.0814217
0.0814238
0.0814259
0.081428
0.0814301
0.0814321
0.0814342
0.0814363
0.0814384
0.0814405
0.0814426
0.0814447
0.0814468
0.0814488
0.0814509
0.081453
0.0814551
0.0814572
0.0814593
0.0814614
0.0814636
0.0814657
0.0814678
0.0814699
0.081472
0.0814741
0.0814762
0.0814783
0.0814805
0.0814826
0.0814847
0.0814868
0.0814889
0.0814911
0.0814932
0.0814953
0.0814975
0.0814996
0.0815017
0.0815039
0.081506
0.081506
0.0815103
0.0815124
0.0815147
0.0815169
0.0815192
0.0815214
0.0815235
0.0815255
0.0815275
0.0815316
0.0815337
0.0815379
0.0815399
0.0815419
0.0815459
0.0815502
0.0815525
0.0815549
0.0815595
0.0815616
0.0815657
0.0815677
0.0815697
0.0815738
0.081576
0.0815805
0.0815829
0.0815829
0.0815853
0.0815877
0.0815901
0.0815901
0.0815924
0.0815946
0.0815967
0.0815988
0.0816011
0.0816033
0.0816057
0.081608
0.0816103
0.0816125
0.0816147
0.081619
0.0816211
0.0816232
0.0816272
0.0816272
0.0816272
0.0816309
0.0816329
0.0816351
0.0816375
0.0816375
0.08164
0.0816424
0.0816448
0.0816472
0.0816472
0.0816521
0.0816546
0.0816571
0.0816596
0.081662
0.081662
0.0816662
0.0816662
0.0816701
0.0816722
0.0816722
0.0816766
0.0816788
0.0816813
0.0816813
0.0816861
0.0816884
0.0816906
0.0816929
0.0816951
0.0816951
0.0816995
0.0817017
0.081704
0.0817063
0.0817087
0.0817087
0.0817133
0.0817133
0.0817133
0.0817203
0.0817203
0.0817254
0.081728
0.081728
0.0817331
0.0817353
0.0817373
0.0817393
0.0817412
0.0817431
0.0817451
0.0817472
0.0817494
0.0817518
0.0817543
0.0817568
0.0817568
0.081762
0.0817645
0.081767
0.0817695
0.0817719
0.0817742
0.0817764
0.0817764
0.0817807
0.0817828
0.081785
0.0817874
0.0817874
0.0817922
0.081797
0.081802
0.0818045
0.0818095
0.0818139
0.0818178
0.0818196
0.0818233
0.0818253
0.0818274
0.0818296
0.0818296
0.0818345
0.0818345
0.0818372
0.0818398
0.0818398
0.0818424
0.081845
0.0818476
0.0818502
0.0818529
0.0818556
0.0818582
0.0818582
0.0818631
0.0818653
0.0818676
0.0818698
0.081872
0.0818743
0.0818765
0.0818787
0.081881
0.0818833
0.0818857
0.0818882
0.0818906
0.0818931
0.0818957
0.0818982
0.0818982
0.0819031
0.0819055
0.0819055
0.0819105
0.0819155
0.0819155
0.0819182
0.0819182
0.0819234
0.0819257
0.0819279
0.08193
0.0819321
0.0819342
0.0819364
0.0819364
0.0819412
0.0819437
0.0819437
0.0819491
0.0819518
0.0819546
0.0819574
0.0819624
0.0819647
0.0819647
0.0819668
0.0819689
0.0819709
0.081973
0.0819753
0.0819778
0.0819805
0.0819832
0.0819832
0.0819886
0.0819912
0.0819939
0.0819965
0.081999
0.0820014
0.0820037
0.0820059
0.0820081
0.0820104
0.0820127
0.0820151
0.0820176
0.0820202
0.0820228
0.0820228
0.0820279
0.0820305
0.0820331
0.0820358
0.0820383
0.0820408
0.0820432
0.0820455
0.0820478
0.0820501
0.0820525
0.0820549
0.0820574
0.0820599
0.0820625
0.0820651
0.0820703
0.0820729
0.0820729
0.0820729
0.0820778
0.08208
0.0820823
0.0820847
0.0820873
0.08209
0.0820927
0.0820954
0.082098
0.082098
0.082103
0.0821055
0.0821055
0.0821105
0.0821131
0.0821157
0.0821184
0.082121
0.0821235
0.0821258
0.0821281
0.0821304
0.0821327
0.0821351
0.0821376
0.0821403
0.0821429
0.0821456
0.0821483
0.082151
0.0821536
0.0821561
0.0821587
0.0821612
0.0821637
0.0821637
0.0821687
0.0821712
0.0821712
0.0821766
0.0821793
0.0821821
0.0821848
0.0821875
0.08219
0.0821923
0.0821946
0.0821969
0.0821992
0.0822016
0.0822016
0.0822068
0.0822096
0.0822124
0.0822153
0.0822182
0.0822209
0.0822235
0.0822235
0.0822283
0.082233
0.082233
0.082238
0.0822405
0.0822405
0.082243
0.082243
0.082248
0.0822504
0.082253
0.0822557
0.0822586
0.0822616
0.0822645
0.0822672
0.0822699
0.0822724
0.0822749
0.0822749
0.0822797
0.0822822
0.0822849
0.0822876
0.0822876
0.0822931
0.0822958
0.0822984
0.0823011
0.0823037
0.0823063
0.0823088
0.0823113
0.0823138
0.0823138
0.0823189
0.0823215
0.0823243
0.0823272
0.0823301
0.0823301
0.0823355
0.0823381
0.0823407
0.0823458
0.0823458
0.0823509
0.0823534
0.0823558
0.0823558
0.0823582
0.0823605
0.0823629
0.0823656
0.0823656
0.0823715
0.0823747
0.082378
0.0823813
0.0823844
0.0823871
0.0823896
0.0823896
0.082394
0.0823962
0.0824011
0.0824038
0.0824066
0.0824093
0.0824093
0.0824119
0.0824119
0.0824168
0.0824194
0.0824194
0.0824254
0.0824286
0.0824286
0.0824352
0.0824382
0.0824411
0.0824438
0.0824438
0.0824484
0.0824506
0.0824527
0.0824551
0.0824576
0.0824602
0.082463
0.0824658
0.0824658
0.0824716
0.0824716
0.0824774
0.0824803
0.0824833
0.0824863
0.0824891
0.0824917
0.0824917
0.0824964
0.0824988
0.0825013
0.0825039
0.0825067
0.0825096
0.0825096
0.0825153
0.082518
0.0825209
0.0825238
0.0825238
0.0825294
0.0825294
0.0825349
0.0825376
0.0825404
0.0825432
0.0825432
0.0825486
0.0825486
0.0825538
0.0825564
0.0825564
0.0825621
0.0825679
0.082571
0.0825741
0.0825769
0.0825794
0.0825816
0.0825836
0.0825857
0.0825857
0.0825902
0.0825929
0.0825929
0.082596
0.0825994
0.0825994
0.0826065
0.08261
0.0826136
0.082617
0.0826201
0.0826251
0.0826271
0.0826271
0.0826271
0.0826307
0.0826328
0.0826381
0.0826413
0.0826413
0.0826413
0.082648
0.0826512
0.0826544
0.0826575
0.0826605
0.0826634
0.0826661
0.0826687
0.0826713
0.0826738
0.0826764
0.0826764
0.0826818
0.0826847
0.0826847
0.0826908
0.0826939
0.0826971
0.0827002
0.0827002
0.0827059
0.0827108
0.0827131
0.0827179
0.0827204
0.0827231
0.0827231
0.0827258
0.0827285
0.082731
0.082731
0.0827336
0.0827362
0.0827391
0.0827424
0.0827458
0.0827494
0.082753
0.0827563
0.0827594
0.0827623
0.0827649
0.0827673
0.0827698
0.0827722
0.0827748
0.0827776
0.0827804
0.0827834
0.0827864
0.0827894
0.0827925
0.0827984
0.0828013
0.0828042
0.0828071
0.0828071
0.0828071
0.0828123
0.0828148
0.0828175
0.0828205
0.0828236
0.0828268
0.0828301
0.0828332
0.0828362
0.0828362
0.0828419
0.0828446
0.0828474
0.0828502
0.0828532
0.082856
0.0828589
0.0828617
0.0828645
0.0828673
0.0828702
0.0828731
0.082876
0.082879
0.082882
0.0828851
0.0828881
0.082891
0.082894
0.0828969
0.0828998
0.0828998
0.0829056
0.0829056
0.0829114
0.0829174
0.0829174
0.0829207
0.0829237
0.0829266
0.0829293
0.082932
0.0829346
0.0829374
0.0829402
0.0829402
0.0829463
0.0829495
0.0829528
0.0829562
0.0829594
0.0829625
0.0829653
0.0829681
0.0829707
0.0829734
0.0829761
0.082979
0.0829819
0.0829819
0.0829881
0.0829881
0.0829944
0.0829944
0.083001
0.083001
0.0830075
0.0830107
0.0830169
0.0830197
0.0830197
0.0830223
0.0830247
0.0830268
0.083029
0.083029
0.0830342
0.0830373
0.0830409
0.0830447
0.0830485
0.083052
0.083052
0.0830583
0.083061
0.0830637
0.0830664
0.0830691
0.0830718
0.0830746
0.0830746
0.0830803
0.0830803
0.0830864
0.0830897
0.0830931
0.0830931
0.0830997
0.0831027
0.0831027
0.0831086
0.0831114
0.0831143
0.0831173
0.0831173
0.0831232
0.0831232
0.083129
0.0831321
0.0831353
0.0831385
0.0831416
0.0831447
0.0831476
0.0831505
0.0831533
0.0831562
0.0831592
0.0831592
0.0831654
0.0831685
0.0831719
0.0831753
0.0831786
0.0831818
0.0831818
0.0831877
0.0831904
0.0831904
0.0831962
0.0831993
0.0832025
0.0832058
0.0832091
0.0832121
0.0832151
0.0832206
0.0832206
0.0832206
0.083226
0.0832289
0.0832321
0.0832355
0.0832355
0.0832423
0.0832456
0.0832488
0.083252
0.083258
0.0832608
0.0832636
0.0832636
0.0832688
0.0832714
0.0832743
0.0832776
0.083281
0.083281
0.0832844
0.0832876
0.0832908
0.0832939
0.0832972
0.0833006
0.083304
0.0833074
0.0833107
0.0833139
0.0833169
0.0833199
0.0833227
0.0833314
0.0833344
0.0833374
0.0833433
0.0833461
0.0833519
0.0833549
0.0833617
0.0833653
0.0833691
0.0833761
0.0833793
0.0833852
0.0833879
0.0833907
0.0833961
0.083399
0.0834052
0.0834085
0.0834153
0.0834186
0.0834219
0.0834252
0.0834313
0.0834344
0.0834409
0.0834442
0.0834509
0.083454
0.083454
0.0834627
0.0834655
0.0834686
0.0834686
0.0834686
0.0834751
0.0834785
0.0834785
0.083482
0.0834854
0.0834854
0.0834921
0.0834955
0.0834989
0.0835024
0.0835057
0.0835089
0.0835119
0.0835147
0.0835175
0.0835203
0.0835232
0.0835263
0.0835296
0.083533
0.0835364
0.0835399
0.0835433
0.0835466
0.0835499
0.0835531
0.0835563
0.0835563
0.0835626
0.0835658
0.0835691
0.0835725
0.0835759
0.0835792
0.0835824
0.0835855
0.0835855
0.0835915
0.0835946
0.0835978
0.0836013
0.0836047
0.0836082
0.0836115
0.0836148
0.0836179
0.083621
0.0836241
0.0836273
0.0836305
0.0836339
0.0836372
0.0836406
0.083644
0.0836474
0.0836507
0.083654
0.0836573
0.0836606
0.0836671
0.0836735
0.0836768
0.0836832
0.0836862
0.0836892
0.083695
0.0836979
0.0837011
0.0837045
0.0837045
0.0837081
0.0837117
0.0837152
0.0837152
0.0837186
0.083722
0.083729
0.0837365
0.0837405
0.0837442
0.0837442
0.0837475
0.0837503
0.0837529
0.0837529
0.0837554
0.0837579
0.0837579
0.083764
0.0837676
0.0837719
0.0837763
0.0837806
0.0837845
0.0837879
0.0837909
0.0837936
0.0837962
0.0837988
0.0838017
0.0838017
0.0838082
0.0838155
0.0838197
0.0838281
0.0838281
0.0838352
0.0838403
0.0838423
0.083847
0.0838499
0.0838572
0.0838612
0.0838653
0.0838729
0.0838764
0.0838797
0.0838864
0.0838864
0.0838966
0.0838999
0.0839034
0.0839068
0.0839133
0.0839165
0.0839197
0.0839264
0.0839298
0.083937
0.0839407
0.0839443
0.0839507
0.0839536
0.0839564
0.0839622
0.0839622
0.083973
0.0839769
0.0839813
0.0839895
0.0839931
0.0839963
0.0839992
0.0840045
0.0840072
0.0840102
0.0840135
0.0840135
0.084017
0.0840205
0.0840205
0.084024
0.084024
0.0840308
0.0840343
0.0840382
0.0840423
0.0840465
0.0840465
0.0840545
0.084058
0.0840613
0.0840644
0.0840673
0.0840702
0.0840731
0.0840761
0.0840792
0.0840826
0.0840862
0.0840899
0.0840937
0.0840975
0.0841013
0.0841049
0.0841085
0.084112
0.0841154
0.0841188
0.0841222
0.0841256
0.0841256
0.0841325
0.084136
0.0841398
0.0841435
0.0841473
0.0841509
0.0841543
0.0841577
0.0841609
0.0841642
0.0841675
0.0841782
0.0841859
0.0841902
0.0841979
0.0842012
0.084204
0.0842068
0.0842097
0.0842097
0.0842128
0.0842162
0.0842199
0.0842238
0.0842278
0.0842316
0.0842316
0.0842388
0.0842422
0.0842422
0.0842457
0.0842457
0.084253
0.084257
0.084257
0.0842735
0.0842772
0.0842772
0.0842844
0.0842873
0.0842899
0.0842924
0.0842924
0.0842924
0.0842975
0.0842975
0.0842975
0.0843084
0.0843084
0.0843181
0.0843232
0.0843232
0.0843282
0.0843325
0.0843361
0.0843392
0.084342
0.0843447
0.0843475
0.0843507
0.0843541
0.0843577
0.0843615
0.0843653
0.0843691
0.0843728
0.0843765
0.08438
0.0843836
0.0843871
0.0843906
0.0843941
0.0843977
0.0844012
0.0844048
0.0844084
0.0844121
0.0844121
0.0844193
0.084423
0.0844267
0.0844306
0.0844344
0.084438
0.0844416
0.084445
0.0844483
0.0844517
0.0844551
0.0844587
0.0844624
0.0844662
0.08447
0.0844738
0.0844776
0.0844813
0.084485
0.0844886
0.0844922
0.0844958
0.0844994
0.0845031
0.0845067
0.0845104
0.0845178
0.0845178
0.0845252
0.0845287
0.0845322
0.0845356
0.0845388
0.0845421
0.0845454
0.0845454
0.0845489
0.0845566
0.0845708
0.0845761
0.0845861
0.0845861
0.0845861
0.0845935
0.084596
0.084598
0.084598
0.0846001
0.0846025
0.0846057
0.0846096
0.0846143
0.0846192
0.0846241
0.0846286
0.0846327
0.0846393
0.0846393
0.0846445
0.0846471
0.0846498
0.0846498
0.0846528
0.084656
0.0846596
0.0846637
0.0846682
0.0846728
0.0846775
0.084682
0.0846861
0.0846899
0.0846934
0.0846967
0.0846999
0.0847032
0.0847066
0.0847102
0.084714
0.0847179
0.0847218
0.0847258
0.0847298
0.0847375
0.0847413
0.084745
0.0847487
0.0847525
0.0847525
0.084756
0.0847594
0.0847628
0.0847664
0.0847703
0.0847703
0.0847789
0.0847834
0.0847881
0.0847926
0.0848004
0.0848037
0.0848037
0.0848037
0.0848095
0.0848125
0.0848159
0.0848198
0.084824
0.0848284
0.0848284
0.0848371
0.0848411
0.0848411
0.084849
0.0848528
0.0848566
0.0848566
0.0848643
0.0848679
0.0848716
0.0848753
0.0848753
0.0848826
0.0848863
0.0848863
0.0848943
0.0848985
0.0849028
0.0849028
0.0849113
0.0849151
0.0849189
0.0849189
0.0849262
0.0849298
0.0849298
0.0849374
0.0849413
0.0849413
0.08495
0.08495
0.0849591
0.0849591
0.0849673
0.0849709
0.0849743
0.0849774
0.0849774
0.0849839
0.0849875
0.0849914
0.0849914
0.0850001
0.0850001
0.0850091
0.0850136
0.085018
0.0850222
0.0850261
0.0850297
0.0850331
0.0850365
0.0850399
0.0850436
0.0850475
0.0850517
0.085056
0.0850603
0.0850646
0.0850689
0.0850729
0.0850729
0.0850808
0.0850846
0.0850886
0.0850926
0.0851007
0.0851046
0.0851046
0.0851084
0.085112
0.0851156
0.0851233
0.0851318
0.0851364
0.0851364
0.0851364
0.0851449
0.0851449
0.0851485
0.0851518
0.0851554
0.0851554
0.0851635
0.0851635
0.0851732
0.0851783
0.0851833
0.0851878
0.0851917
0.085195
0.085195
0.0852008
0.0852072
0.085211
0.0852153
0.0852196
0.0852237
0.0852237
0.0852275
0.0852312
0.0852349
0.0852349
0.0852436
0.0852485
0.0852538
0.085259
0.085259
0.0852682
0.0852682
0.0852781
0.085281
0.0852869
0.08529
0.0852935
0.0852935
0.0852935
0.0853009
0.0853009
0.0853049
0.0853091
0.0853137
0.0853186
0.0853288
0.0853288
0.0853338
0.0853338
0.0853424
0.0853461
0.0853497
0.0853533
0.0853571
0.0853612
0.0853654
0.0853696
0.0853738
0.0853822
0.0853905
0.0853946
0.0853988
0.0853988
0.0854028
0.0854028
0.0854028
0.0854103
0.0854139
0.0854178
0.0854222
0.0854272
0.0854323
0.0854375
0.0854424
0.0854468
0.0854468
0.0854545
0.085458
0.0854616
0.0854654
0.0854694
0.0854736
0.0854736
0.0854821
0.0854864
0.0854908
0.0854952
0.0854997
0.085504
0.0855083
0.0855123
0.0855164
0.0855164
0.0855245
0.0855287
0.0855332
0.0855332
0.0855424
0.0855424
0.0855555
0.0855598
0.085564
0.0855679
0.0855716
0.0855716
0.0855782
0.0855782
0.0855782
0.0855854
0.0855899
0.0855952
0.085601
0.085607
0.0856126
0.0856126
0.0856217
0.0856253
0.0856284
0.0856317
0.0856351
0.0856389
0.0856429
0.0856473
0.0856518
0.0856564
0.085661
0.0856656
0.0856701
0.0856746
0.085679
0.085679
0.0856876
0.0856918
0.0856963
0.0857008
0.0857052
0.0857096
0.0857138
0.0857179
0.0857179
0.0857259
0.08573
0.08573
0.0857391
0.0857439
0.0857489
0.0857539
0.0857586
0.0857586
0.0857668
0.0857705
0.0857742
0.0857781
0.0857781
0.0857868
0.0857914
0.0857963
0.0858013
0.0858061
0.0858107
0.0858107
0.0858191
0.0858231
0.0858273
0.0858273
0.085836
0.0858405
0.0858453
0.08585
0.0858547
0.0858547
0.0858633
0.0858674
0.0858713
0.0858753
0.0858796
0.0858796
0.0858888
0.0858936
0.0858987
0.0858987
0.0859088
0.0859179
0.0859224
0.0859224
0.0859265
0.0859303
0.0859339
0.0859411
0.0859411
0.085945
0.0859492
0.0859538
0.0859589
0.0859642
0.0859642
0.0859751
0.0859751
0.0859851
0.0859897
0.0859942
0.0859985
0.0860025
0.0860063
0.08601
0.0860138
0.0860179
0.0860223
0.0860269
0.0860318
0.0860369
0.0860419
0.0860469
0.0860517
0.0860563
0.0860607
0.0860651
0.0860694
0.0860738
0.0860783
0.0860874
0.0860921
0.0861015
0.0861062
0.0861109
0.0861109
0.0861202
0.0861245
0.0861245
0.0861328
0.0861368
0.0861368
0.0861454
0.0861454
0.0861546
0.0861546
0.0861594
0.0861644
0.0861694
0.0861694
0.0861796
0.0861796
0.0861844
0.0861844
0.0861933
0.0861978
0.0862026
0.0862076
0.0862127
0.0862177
0.0862177
0.0862266
0.0862306
0.0862346
0.0862346
0.0862431
0.0862431
0.0862525
0.0862575
0.0862628
0.0862679
0.0862727
0.0862772
0.0862814
0.0862855
0.0862897
0.0862941
0.0862987
0.0863088
0.0863141
0.0863194
0.0863194
0.0863244
0.0863289
0.0863331
0.0863374
0.0863419
0.0863467
0.0863519
0.0863572
0.0863625
0.0863676
0.0863724
0.0863724
0.0863812
0.0863855
0.08639
0.0863946
0.0863994
0.0864043
0.0864091
0.0864137
0.0864184
0.0864229
0.0864276
0.0864323
0.0864421
0.0864471
0.0864521
0.0864521
0.0864569
0.0864614
0.0864657
0.0864702
0.0864749
0.0864854
0.0864854
0.086491
0.086491
0.0865011
0.0865056
0.08651
0.086519
0.0865238
0.0865287
0.0865379
0.0865424
0.0865511
0.0865557
0.0865606
0.0865658
0.086571
0.086576
0.086576
0.0865808
0.0865855
0.0865903
0.0865955
0.086601
0.0866067
0.0866124
0.0866178
0.0866228
0.0866274
0.0866317
0.0866359
0.0866401
0.0866446
0.0866493
0.0866542
0.0866594
0.0866646
0.0866698
0.0866698
0.08668
0.086685
0.08669
0.086695
0.0867001
0.0867049
0.0867097
0.0867143
0.0867189
0.0867236
0.0867284
0.0867334
0.0867385
0.0867438
0.086749
0.0867543
0.0867594
0.0867594
0.0867694
0.0867742
0.0867793
0.0867844
0.0867896
0.0867946
0.0867995
0.0868042
0.0868042
0.0868137
0.0868185
0.0868237
0.0868291
0.0868345
0.0868399
0.086845
0.0868499
0.0868546
0.0868593
0.0868641
0.086869
0.0868741
0.0868794
0.0868847
0.0868954
0.0869006
0.0869058
0.0869058
0.0869058
0.0869152
0.0869196
0.0869244
0.0869295
0.0869351
0.0869409
0.0869467
0.0869522
0.0869574
0.0869623
0.0869669
0.0869715
0.0869715
0.086981
0.0869861
0.0869915
0.0869972
0.0870028
0.0870082
0.0870133
0.0870182
0.0870229
0.0870275
0.0870324
0.0870374
0.0870427
0.0870481
0.0870536
0.0870591
0.0870645
0.0870698
0.0870749
0.0870799
0.087085
0.0870901
0.0870952
0.0871004
0.0871056
0.0871109
0.0871162
0.0871214
0.0871267
0.0871319
0.0871371
0.0871423
0.0871475
0.0871527
0.0871579
0.0871632
0.0871684
0.0871737
0.0871789
0.0871842
0.0871895
0.0871947
0.0872
0.0872053
0.0872105
0.0872158
0.0872264
0.0872316
0.0872369
0.0872369
0.087242
0.0872468
0.0872516
0.0872566
0.087262
0.0872739
0.0872803
0.0872803
0.0872867
0.0872923
0.0872974
0.0873019
0.0873064
0.087311
0.087316
0.0873213
0.087327
0.0873329
0.0873386
0.0873497
0.0873497
0.0873599
0.0873649
0.0873649
0.0873699
0.0873748
0.0873798
0.087385
0.0873905
0.0873962
0.0874021
0.0874079
0.0874137
0.0874193
0.0874246
0.0874348
0.0874398
0.0874447
0.0874499
0.087455
0.087455
0.08746
0.087465
0.0874702
0.0874758
0.0874818
0.0874882
0.0874946
0.0875008
0.0875066
0.087512
0.087517
0.0875218
0.0875266
0.0875315
0.0875367
0.0875422
0.0875479
0.0875537
0.0875595
0.0875652
0.0875708
0.0875763
0.0875763
0.0875871
0.0875925
0.0875981
0.0876038
0.0876154
0.0876211
0.0876318
0.0876369
0.0876468
0.0876517
0.0876567
0.0876671
0.0876789
0.0876853
0.0876922
0.087705
0.0877108
0.0877162
0.0877257
0.0877304
0.0877354
0.0877465
0.0877528
0.0877594
0.0877594
0.0877658
0.0877716
0.0877766
0.0877766
0.0877812
0.0877812
0.0877912
0.0877972
0.0877972
0.0878114
0.0878185
0.0878258
0.0878322
0.0878378
0.0878423
0.0878462
0.0878495
0.0878495
0.0878567
0.0878618
0.0878681
0.0878752
0.0878826
0.0878897
0.0878897
0.087902
0.087902
0.087912
0.0879169
0.0879221
0.0879276
0.0879333
0.0879392
0.0879392
0.0879508
0.0879564
0.0879564
0.0879681
0.0879741
0.0879805
0.0879868
0.087993
0.0879988
0.0880042
0.0880094
0.0880146
0.0880199
0.0880255
0.0880315
0.0880377
0.0880441
0.0880504
0.0880626
0.0880683
0.0880683
0.0880739
0.0880792
0.0880845
0.08809
0.0880958
0.088102
0.0881084
0.0881148
0.0881211
0.0881273
0.0881331
0.0881387
0.0881442
0.0881497
0.0881553
0.0881611
0.0881671
0.0881731
0.0881792
0.0881913
0.0881972
0.0882089
0.0882197
0.0882249
0.0882357
0.0882357
0.0882417
0.0882481
0.0882549
0.0882616
0.0882677
0.0882677
0.0882733
0.0882786
0.088284
0.0882898
0.0882961
0.088303
0.08831
0.0883169
0.0883233
0.0883292
0.0883346
0.0883346
0.0883447
0.0883498
0.0883553
0.0883614
0.0883679
0.0883744
0.0883808
0.0883869
0.0883869
0.0883985
0.0884041
0.08841
0.0884161
0.0884224
0.0884288
0.088435
0.088441
0.0884468
0.0884526
0.0884584
0.0884584
0.0884705
0.0884767
0.0884834
0.0884901
0.0884967
0.088503
0.0885089
0.0885145
0.08852
0.0885256
0.0885314
0.0885375
0.0885439
0.0885504
0.088557
0.0885634
0.0885697
0.0885759
0.0885819
0.0885878
0.0885938
0.0885998
0.088606
0.0886122
0.0886184
0.0886247
0.0886309
0.0886371
0.0886433
0.0886433
0.0886556
0.0886617
0.0886681
0.0886681
0.0886811
0.0886874
0.0886938
0.0887
0.088706
0.088706
0.0887176
0.0887234
0.0887294
0.0887357
0.0887422
0.0887489
0.0887489
0.088762
0.0887682
0.0887745
0.0887807
0.0887868
0.088793
0.0887991
0.0888052
0.0888052
0.0888174
0.0888237
0.0888303
0.0888371
0.0888438
0.0888504
0.0888566
0.0888566
0.0888684
0.0888742
0.0888803
0.0888803
0.0888933
0.0888933
0.0889066
0.088913
0.0889195
0.0889259
0.0889322
0.0889384
0.0889445
0.0889506
0.0889506
0.088963
0.0889761
0.0889833
0.0889905
0.0890034
0.089009
0.0890188
0.0890236
0.0890236
0.0890236
0.0890423
0.0890503
0.0890593
0.0890759
0.0890832
0.0890943
0.0890986
0.0891063
0.0891109
0.0891165
0.0891165
0.0891304
0.0891382
0.0891382
0.0891461
0.0891534
0.0891534
0.0891598
0.0891658
0.0891717
0.0891778
0.0891917
0.0891994
0.0892073
0.0892146
0.0892146
0.0892209
0.0892266
0.0892319
0.0892373
0.0892434
0.0892502
0.0892577
0.0892654
0.0892729
0.0892799
0.0892864
0.0892923
0.089298
0.0893036
0.0893096
0.089316
0.0893227
0.0893297
0.0893368
0.0893368
0.0893506
0.0893571
0.0893637
0.0893703
0.0893768
0.0893768
0.0893897
0.0894023
0.0894088
0.0894088
0.0894219
0.0894219
0.0894343
0.0894465
0.0894465
0.0894527
0.0894593
0.0894662
0.0894737
0.0894737
0.0894737
0.0894886
0.0894957
0.0895029
0.08951
0.08951
0.0895237
0.0895237
0.0895366
0.0895429
0.0895429
0.0895557
0.0895687
0.0895826
0.0896019
0.0896176
0.0896309
0.0896355
0.0896496
0.0896593
0.0896711
0.0896829
0.0896934
0.0897013
0.0897065
0.0897096
0.0897119
0.0897119
0.0897149
0.0897195
0.0897264
0.0897354
0.0897454
0.0897552
0.0897637
0.0897705
0.0897759
0.0897759
0.0897805
0.0897858
0.0897858
0.0897995
0.0898078
0.0898173
0.0898266
0.0898351
0.0898428
0.0898491
0.0898544
0.0898591
0.0898591
0.0898688
0.0898748
0.0898821
0.0898821
0.0898989
0.0899072
0.0899156
0.0899231
0.0899299
0.0899359
0.0899416
0.0899416
0.089953
0.0899594
0.0899666
0.0899744
0.0899826
0.0899905
0.0899982
0.0900053
0.0900119
0.0900182
0.0900242
0.0900303
0.0900369
0.090044
0.0900516
0.0900594
0.0900671
0.0900748
0.0900821
0.090089
0.0900956
0.0901022
0.0901087
0.0901155
0.0901225
0.0901225
0.090137
0.0901444
0.090152
0.0901595
0.0901667
0.0901737
0.0901803
0.0901867
0.0901931
0.0901997
0.0902066
0.0902066
0.0902214
0.0902289
0.0902369
0.0902446
0.0902521
0.090259
0.0902655
0.0902717
0.0902778
0.0902842
0.090291
0.0902983
0.0903059
0.0903059
0.0903213
0.0903287
0.0903361
0.0903361
0.0903504
0.0903572
0.090364
0.0903709
0.0903777
0.0903846
0.0903984
0.0904054
0.0904124
0.0904193
0.0904193
0.090426
0.0904326
0.0904394
0.0904468
0.0904468
0.090463
0.0904713
0.09048
0.0904882
0.0904957
0.0905022
0.090508
0.0905135
0.0905192
0.0905255
0.0905325
0.0905404
0.0905486
0.0905569
0.0905723
0.0905793
0.090592
0.0905978
0.0906099
0.0906165
0.0906237
0.0906391
0.0906473
0.0906557
0.0906719
0.0906719
0.0906866
0.0906866
0.0906934
0.0907068
0.090721
0.0907285
0.0907434
0.0907503
0.0907637
0.09077
0.09077
0.0907837
0.0907837
0.0907837
0.0907991
0.0908073
0.090816
0.090816
0.0908243
0.0908314
0.0908378
0.0908439
0.0908439
0.0908569
0.0908644
0.0908729
0.0908816
0.0908901
0.0908979
0.0909047
0.0909047
0.0909166
0.0909226
0.0909292
0.0909292
0.0909446
0.0909529
0.0909618
0.0909703
0.0909854
0.0909916
0.0910025
0.0910075
0.0910199
0.0910274
0.0910454
0.0910548
0.0910641
0.0910801
0.0910867
0.0910867
0.0910929
0.0910996
0.091107
0.0911152
0.091124
0.091124
0.0911417
0.0911498
0.0911642
0.0911702
0.0911758
0.0911867
0.0911995
0.0912072
0.0912157
0.091233
0.0912414
0.0912496
0.0912573
0.0912647
0.0912647
0.0912787
0.0912787
0.0912857
0.0912929
0.0912929
0.0913087
0.0913087
0.0913167
0.0913244
0.0913319
0.0913394
0.0913471
0.0913471
0.0913626
0.0913703
0.091378
0.091378
0.0913926
0.0914067
0.0914141
0.0914141
0.0914141
0.0914286
0.0914356
0.0914428
0.091458
0.091458
0.0914742
0.0914742
0.091482
0.0914962
0.0915029
0.0915029
0.0915097
0.0915168
0.0915246
0.091533
0.0915418
0.0915507
0.0915595
0.0915677
0.0915753
0.0915823
0.0915889
0.0915955
0.0915955
0.0916098
0.0916177
0.0916264
0.0916352
0.0916437
0.0916516
0.0916655
0.0916716
0.0916835
0.0916899
0.0916972
0.0917052
0.0917139
0.0917227
0.0917315
0.09174
0.0917481
0.0917558
0.0917633
0.0917706
0.0917779
0.0917854
0.0917929
0.0918006
0.0918084
0.0918084
0.0918241
0.0918318
0.0918398
0.0918477
0.0918557
0.0918634
0.0918709
0.0918782
0.0918855
0.0918928
0.0919004
0.0919082
0.0919162
0.0919244
0.0919325
0.0919404
0.0919482
0.0919558
0.0919633
0.0919708
0.0919783
0.091986
0.0919938
0.0920017
0.0920097
0.0920175
0.0920253
0.092033
0.0920407
0.0920483
0.092056
0.0920637
0.0920715
0.0920793
0.0920872
0.092095
0.0921027
0.0921105
0.0921182
0.0921259
0.0921336
0.0921414
0.0921491
0.092157
0.0921648
0.0921648
0.0921803
0.0921881
0.0921961
0.0922042
0.0922122
0.09222
0.09222
0.0922349
0.0922349
0.0922497
0.0922575
0.0922657
0.0922741
0.0922824
0.0922906
0.0923056
0.0923126
0.0923194
0.0923194
0.0923194
0.0923406
0.0923406
0.0923488
0.0923571
0.0923657
0.0923657
0.0923828
0.0923912
0.0923996
0.0924076
0.0924154
0.0924227
0.0924298
0.0924298
0.0924437
0.0924512
0.0924512
0.0924676
0.0924763
0.0924854
0.0924942
0.0925024
0.0925024
0.0925166
0.0925231
0.0925296
0.0925367
0.0925446
0.0925531
0.0925619
0.0925706
0.092579
0.0925868
0.0925942
0.0926015
0.0926088
0.0926163
0.0926243
0.0926326
0.0926409
0.0926409
0.0926574
0.0926652
0.092673
0.0926808
0.0926886
0.0926963
0.092704
0.0927116
0.0927116
0.092727
0.0927349
0.0927349
0.0927515
0.0927599
0.0927686
0.092777
0.092785
0.0927923
0.0927993
0.0928061
0.0928061
0.0928288
0.0928469
0.0928571
0.092867
0.0928755
0.0928875
0.0928958
0.0928998
0.0929054
0.0929229
0.0929345
0.0929472
0.0929688
0.0929827
0.0929863
0.092989
0.0929977
0.0930046
0.0930142
0.0930368
0.0930368
0.0930685
0.093075
0.0930845
0.0930885
0.0930932
0.0930995
0.0931176
0.0931176
0.0931411
0.0931519
0.0931519
0.0931519
0.0931692
0.0931752
0.0931752
0.0931799
0.0931854
0.0931854
0.0932003
0.0932099
0.0932209
0.0932314
0.093241
0.0932487
0.0932548
0.09326
0.0932652
0.0932715
0.0932792
0.0932884
0.0932983
0.0932983
0.093318
0.0933272
0.0933356
0.0933356
0.0933498
0.0933563
0.0933628
0.09337
0.0933779
0.0933865
0.0933954
0.0934042
0.0934126
0.0934205
0.0934281
0.0934354
0.093443
0.0934508
0.093459
0.0934675
0.0934761
0.0934846
0.0934928
0.0935006
0.0935083
0.0935158
0.0935235
0.0935313
0.0935395
0.0935478
0.0935562
0.0935645
0.0935726
0.0935805
0.0935883
0.093596
0.0936038
0.0936117
0.0936198
0.093628
0.0936362
0.0936444
0.0936524
0.0936604
0.0936682
0.093676
0.0936839
0.0936919
0.0936999
0.093708
0.0937161
0.0937242
0.0937322
0.0937322
0.0937481
0.093756
0.0937641
0.0937724
0.0937724
0.0937887
0.0937965
0.0938044
0.0938122
0.0938201
0.0938279
0.0938357
0.0938436
0.0938514
0.0938594
0.0938675
0.0938756
0.0938756
0.0938919
0.0939
0.0939083
0.0939166
0.0939166
0.0939326
0.0939402
0.0939479
0.0939479
0.0939636
0.0939715
0.0939797
0.093988
0.0939962
0.0940042
0.0940119
0.0940194
0.0940269
0.0940346
0.0940426
0.0940508
0.0940592
0.0940676
0.0940759
0.0940839
0.0940839
0.0940993
0.0940993
0.0941148
0.0941229
0.0941314
0.0941399
0.0941482
0.0941559
0.0941632
0.0941702
0.0941773
0.0941848
0.0941928
0.0942013
0.0942101
0.0942189
0.0942274
0.0942274
0.0942429
0.0942502
0.0942575
0.0942651
0.0942731
0.0942813
0.0942896
0.0942977
0.0943056
0.0943132
0.0943208
0.0943285
0.0943363
0.0943443
0.0943525
0.0943608
0.0943608
0.0943771
0.0943849
0.0943929
0.0944008
0.0944087
0.0944165
0.0944242
0.0944319
0.0944395
0.094455
0.094471
0.0944792
0.0944875
0.094503
0.0945104
0.0945178
0.0945326
0.0945405
0.0945578
0.0945667
0.0945757
0.0945912
0.094598
0.0946044
0.0946175
0.0946249
0.0946424
0.0946519
0.0946616
0.0946616
0.0946778
0.0946842
0.0946842
0.0946897
0.0946956
0.0946956
0.0947021
0.0947097
0.0947184
0.0947278
0.0947374
0.0947464
0.0947546
0.0947619
0.0947683
0.0947745
0.0947809
0.0947881
0.0947881
0.0948048
0.0948136
0.0948229
0.0948317
0.0948399
0.094847
0.0948536
0.0948598
0.0948665
0.0948738
0.0948821
0.0948908
0.0948996
0.0949083
0.0949164
0.0949238
0.0949308
0.0949376
0.0949447
0.0949523
0.0949605
0.0949605
0.0949777
0.0949863
0.094995
0.0950032
0.0950032
0.0950182
0.095025
0.0950318
0.0950389
0.0950467
0.0950549
0.0950634
0.0950718
0.09508
0.09508
0.0950952
0.0951025
0.0951025
0.0951175
0.0951255
0.0951255
0.0951426
0.0951508
0.0951508
0.0951667
0.0951739
0.095181
0.0951882
0.0951956
0.0951956
0.0952112
0.0952112
0.0952277
0.095236
0.0952445
0.0952526
0.0952602
0.0952673
0.0952742
0.095281
0.0952881
0.0952881
0.0953124
0.0953124
0.095321
0.0953288
0.0953362
0.0953362
0.09535
0.09535
0.0953648
0.0953731
0.0953819
0.0953904
0.0953904
0.0954058
0.0954122
0.0954183
0.0954246
0.0954315
0.0954393
0.0954477
0.0954563
0.0954646
0.0954724
0.0954724
0.0954866
0.0954933
0.0955001
0.0955001
0.0955154
0.0955235
0.0955322
0.0955404
0.0955483
0.0955555
0.0955621
0.0955684
0.095575
0.095575
0.0955901
0.0955985
0.0955985
0.0956164
0.0956246
0.0956246
0.0956397
0.0956463
0.0956527
0.0956593
0.0956662
0.0956736
0.0956736
0.0956894
0.0956973
0.0957054
0.0957133
0.0957209
0.0957281
0.0957351
0.0957351
0.0957488
0.0957561
0.095764
0.0957721
0.0957802
0.095788
0.0957954
0.0958024
0.0958091
0.0958159
0.095823
0.0958305
0.0958384
0.0958464
0.0958543
0.0958619
0.0958692
0.0958762
0.095883
0.09589
0.0958972
0.0959047
0.0959047
0.0959202
0.0959279
0.0959357
0.0959434
0.0959508
0.0959578
0.0959646
0.0959714
0.0959783
0.0959856
0.0959931
0.0960009
0.0960086
0.0960163
0.0960163
0.0960308
0.0960377
0.0960448
0.096052
0.0960595
0.0960595
0.0960745
0.096082
0.0960895
0.096097
0.0961044
0.0961117
0.0961188
0.0961259
0.096133
0.0961403
0.0961403
0.0961551
0.0961625
0.0961701
0.0961777
0.0961851
0.0961921
0.0961989
0.0962054
0.0962054
0.096219
0.0962263
0.0962342
0.0962422
0.09625
0.0962573
0.0962641
0.0962704
0.0962766
0.096283
0.09629
0.0962975
0.0963054
0.0963133
0.0963209
0.0963209
0.0963347
0.0963411
0.0963475
0.0963542
0.0963614
0.0963688
0.0963764
0.0963837
0.0963909
0.0963977
0.0964045
0.0964112
0.0964181
0.0964252
0.0964324
0.0964397
0.096447
0.0964541
0.0964611
0.096468
0.0964748
0.0964816
0.0964885
0.0964955
0.0965026
0.0965097
0.0965168
0.0965238
0.0965308
0.0965377
0.0965446
0.0965515
0.0965584
0.0965653
0.0965723
0.0965792
0.0965862
0.0965931
0.0966
0.0966069
0.0966137
0.0966206
0.0966274
0.0966342
0.0966411
0.0966479
0.0966548
0.0966616
0.0966685
0.0966753
0.096682
0.0966888
0.0966956
0.0967023
0.0967091
0.0967159
0.0967159
0.0967294
0.0967361
0.0967431
0.0967499
0.0967567
0.0967634
0.0967699
0.0967764
0.096783
0.096783
0.0967963
0.0968032
0.0968105
0.0968178
0.0968248
0.0968314
0.0968377
0.0968437
0.0968497
0.0968497
0.0968628
0.09687
0.0968778
0.0968856
0.0968856
0.0968995
0.0968995
0.0969108
0.0969108
0.0969224
0.0969289
0.0969362
0.0969439
0.0969515
0.0969584
0.0969646
0.0969702
0.0969757
0.0969815
0.096988
0.0969952
0.0970028
0.0970105
0.0970178
0.0970242
0.0970301
0.0970355
0.0970411
0.0970472
0.0970539
0.0970611
0.0970686
0.0970759
0.0970826
0.0970888
0.0970946
0.0971003
0.0971062
0.0971125
0.0971193
0.0971264
0.0971336
0.0971405
0.0971468
0.0971527
0.0971584
0.0971642
0.0971765
0.0971765
0.0971833
0.0971898
0.0971962
0.0972024
0.0972086
0.0972147
0.0972208
0.0972332
0.0972395
0.0972395
0.0972459
0.0972518
0.0972578
0.0972637
0.0972697
0.0972759
0.0972824
0.0972891
0.0972957
0.097302
0.097314
0.097314
0.0973197
0.097331
0.0973369
0.0973431
0.0973495
0.0973559
0.0973622
0.0973684
0.0973744
0.0973802
0.0973859
0.0973859
0.0973915
0.0973974
0.0974038
0.0974105
0.0974175
0.0974243
0.0974307
0.0974365
0.0974419
0.097447
0.0974524
0.0974581
0.0974643
0.097471
0.0974779
0.0974845
0.0974908
0.0974964
0.0975017
0.097507
0.0975126
0.0975186
0.097525
0.0975317
0.0975383
0.0975446
0.0975504
0.0975504
0.0975612
0.0975612
0.0975724
0.0975786
0.0975786
0.097592
0.0975985
0.0975985
0.0976106
0.0976106
0.097621
0.097621
0.0976314
0.0976373
0.0976438
0.0976507
0.0976507
0.0976638
0.0976692
0.0976743
0.0976792
0.0976845
0.0976845
0.0976963
0.0977029
0.0977099
0.0977166
0.0977227
0.0977279
0.0977326
0.097737
0.0977419
0.0977474
0.0977537
0.0977605
0.0977674
0.0977739
0.0977795
0.0977844
0.097789
0.0977936
0.0977987
0.0978045
0.0978109
0.0978177
0.0978242
0.09783
0.09783
0.0978396
0.0978396
0.0978486
0.0978538
0.0978597
0.0978663
0.097873
0.0978792
0.0978845
0.0978891
0.0978933
0.0978977
0.0979082
0.0979146
0.0979217
0.0979286
0.0979346
0.0979346
0.0979392
0.0979428
0.0979463
0.0979463
0.0979561
0.097963
0.0979714
0.0979796
0.0979866
0.0979914
0.0979914
0.097996
0.0979983
0.0980012
0.0980064
0.0980135
0.098022
0.0980303
0.0980372
0.0980372
0.0980449
0.0980468
0.0980482
0.0980482
0.0980561
0.0980634
0.0980732
0.0980732
0.0980912
0.0980961
0.0980981
0.0980981
0.0980991
0.098102
0.0981071
0.0981151
0.0981242
0.0981331
0.0981399
0.0981441
0.0981459
0.0981469
0.0981489
0.0981532
0.0981603
0.0981692
0.0981784
0.0981923
0.0981974
0.0981964
0.0981951
0.0981965
0.0982016
0.0982016
0.0982101
0.0982206
0.0982305
0.0982374
0.0982374
0.0982404
0.0982419
0.0982423
0.0982445
0.098249
0.0982566
0.0982566
0.0982817
0.0982867
0.0982867
0.0982867
0.098292
0.0982938
0.0982958
0.0982958
0.0983057
0.0983057
0.0983228
0.0983312
0.0983312
0.0983427
0.0983443
0.0983437
0.0983437
0.0983457
0.0983508
0.0983586
0.0983677
0.0983761
0.0983819
0.0983846
0.0983849
0.0983846
0.0983859
0.0983902
0.0983974
0.0984065
0.0984155
0.0984223
0.0984259
0.0984265
0.0984259
0.098426
0.098426
0.0984352
0.0984439
0.0984552
0.0984552
0.0984712
0.0984744
0.0984736
0.0984714
0.0984703
0.0984728
0.098479
0.0984885
0.0984988
0.098507
0.098511
0.098511
0.0985081
0.0985055
0.0985055
0.0985106
0.0985187
0.0985303
0.0985409
0.0985409
0.0985493
0.0985464
0.0985399
0.0985399
0.0985358
0.0985417
0.0985529
0.0985661
0.0985765
0.0985765
0.0985786
0.0985722
0.0985619
0.0985619
0.098556
0.098563
0.0985761
0.0985907
0.098601
0.098601
0.0986018
0.0985941
0.0985821
0.0985745
0.0985736
0.0985795
0.0985795
0.0986063
0.0986232
0.0986363
0.0986424
0.0986418
0.0986359
0.0986359
0.0986203
0.0986189
0.0986223
0.0986303
0.09864
0.0986475
0.0986495
0.0986461
0.0986389
0.0986321
0.0986291
0.0986314
0.0986383
0.0986383
0.0986573
0.0986623
0.0986623
0.0986605
0.098656
0.0986505
0.0986488
0.0986514
0.0986584
0.0986679
0.0986772
0.0986827
0.0986827
0.0986798
0.0986798
0.0986696
0.0986683
0.0986711
0.0986788
0.0986888
0.0986985
0.0987041
0.0987046
0.0987009
0.098696
0.0986939
0.098696
0.0987028
0.0987126
0.0987231
0.0987304
0.0987329
0.0987309
0.0987198
0.0987198
0.0987149
0.0987156
0.0987217
0.0987319
0.0987431
0.0987508
0.0987531
0.0987531
0.0987444
0.0987394
0.0987355
0.0987368
0.0987425
0.0987521
0.0987626
0.0987702
0.0987726
0.098765
0.098765
0.0987568
0.0987568
0.0987552
0.0987622
0.0987736
0.0987847
0.0987908
0.0987916
0.0987877
0.0987807
0.0987752
0.0987752
0.0987766
0.0987839
0.0987949
0.0988042
0.0988086
0.0988079
0.098803
0.0987964
0.0987964
0.0987917
0.0987958
0.098804
0.0988135
0.0988135
0.0988228
0.0988228
0.0988147
0.0988147
0.0988042
0.0988039
0.0988081
0.0988164
0.0988164
0.0988333
0.098836
0.098836
0.0988294
0.0988246
0.0988202
0.0988201
0.0988242
0.0988321
0.0988321
0.0988486
0.0988515
0.0988503
0.0988459
0.0988417
0.0988402
0.0988427
0.0988489
0.0988573
0.0988654
0.09887
0.0988705
0.0988676
0.0988676
0.0988618
0.0988634
0.0988684
0.0988758
0.0988758
0.0988901
0.0988923
0.0988912
0.098888
0.0988861
0.098887
0.0988913
0.0988981
0.0989062
0.0989128
0.0989128
0.0989153
0.0989124
0.0989072
0.098905
0.0989062
0.0989113
0.0989187
0.0989266
0.0989316
0.0989328
0.0989328
0.0989268
0.0989244
0.0989244
0.0989258
0.098931
0.0989387
0.0989462
0.098951
0.0989522
0.0989504
0.0989466
0.0989442
0.0989445
0.0989479
0.0989479
0.0989616
0.0989616
0.0989724
0.0989735
0.0989735
0.0989676
0.0989641
0.0989641
0.0989619
0.0989651
0.098971
0.0989774
0.0989817
0.0989828
0.0989811
0.0989811
0.098974
0.0989731
0.0989743
0.0989903
0.0989979
0.0989979
0.0990099
0.0990113
0.0990099
0.0990099
0.0990099
0.0990057
0.0990068
0.0990068
0.0990099
0.099013
0.099013
0.0990178
0.0990148
0.0990116
0.099008
0.099009
0.099012
0.0990209
0.0990255
0.099028
0.099028
0.0990265
0.099023
0.099019
0.0990173
0.0990181
0.0990181
0.0990253
0.0990292
0.099033
0.099033
0.0990336
0.0990309
0.0990266
0.0990227
0.0990258
0.0990298
0.0990407
0.0990444
0.0990459
0.0990459
0.0990425
0.0990383
0.0990383
0.0990383
0.0990289
0.099027
0.099027
0.099028
0.0990328
0.0990356
0.0990356
0.0990365
0.0990356
0.0990332
0.0990295
0.0990204
0.0990166
0.0990166
0.0990142
0.099013
0.0990128
0.0990132
0.0990132
0.0990111
0.0990082
0.0990043
0.0990012
0.0989991
0.0989991
0.0989982
0.0989988
0.0989988
0.0990015
0.0990018
0.0990009
0.098999
0.098999
0.0989933
0.0989913
0.0989902
0.09899
0.0989903
0.0989913
0.0989919
0.0989918
0.0989908
0.0989908
0.0989884
0.0989881
0.0989886
0.0989896
0.0989911
0.0989911
0.0989938
0.0989941
0.0989937
0.0989934
0.0989945
0.0989945
0.0989945
0.0989976
0.0990026
0.0990026
0.0990056
0.099008
0.0990098
0.0990098
0.0990118
0.0990118
0.0990146
0.0990164
0.0990182
0.0990202
0.0990219
0.0990232
0.0990232
0.0990248
0.0990249
0.0990247
0.0990246
0.0990244
0.099024
0.0990238
0.0990236
0.0990231
0.0990231
0.0990217
0.0990208
0.0990197
0.0990186
0.0990186
0.0990155
0.0990139
0.0990124
0.0990124
0.0990093
0.0990079
0.0990064
0.0990051
0.0990037
0.0990017
0.098999
0.0989963
0.0989937
0.0989913
0.0989894
0.0989877
0.098986
0.0989844
0.0989824
0.0989797
0.0989732
0.0989676
0.0989654
0.098964
0.0989628
0.0989628
0.0989627
0.0989612
0.0989582
0.0989541
0.0989496
0.0989445
0.0989398
0.0989361
0.0989336
0.0989319
0.0989307
0.0989307
0.0989272
0.0989235
0.0989182
0.098913
0.0989087
0.0989057
0.0989037
0.0989025
0.0989015
0.0989
0.0988969
0.0988926
0.0988877
0.0988837
0.0988837
0.0988798
0.0988794
0.0988798
0.0988796
0.0988775
0.0988734
0.098868
0.0988626
0.0988586
0.0988562
0.0988562
0.0988547
0.0988545
0.0988545
0.0988523
0.0988485
0.0988432
0.0988383
0.0988347
0.0988329
0.0988324
0.0988326
0.0988326
0.0988312
0.0988312
0.0988219
0.0988159
0.0988095
0.0988051
0.0988051
0.0988023
0.0988029
0.0988046
0.0988044
0.0988014
0.0987959
0.0987884
0.0987816
0.0987768
0.0987768
0.0987736
0.0987739
0.0987739
0.0987743
0.0987743
0.0987641
0.0987561
0.0987462
0.0987387
0.098734
0.0987317
0.0987317
0.0987311
0.0987293
0.0987293
0.0987205
0.0987205
0.0987048
0.0986985
0.0986941
0.0986924
0.0986924
0.0986935
0.0986931
0.0986931
0.0986897
0.0986861
0.0986806
0.0986757
0.0986723
0.0986716
0.098673
0.098673
0.0986762
0.0986748
0.098671
0.0986652
0.0986597
0.0986558
0.0986549
0.0986564
0.0986564
0.0986601
0.0986587
0.0986547
0.0986484
0.0986421
0.0986374
0.098636
0.0986372
0.0986397
0.0986412
0.0986399
0.0986347
0.0986267
0.0986183
0.0986123
0.0986098
0.0986103
0.0986135
0.0986129
0.0986098
0.0986098
0.0986098
0.0986008
0.0985942
0.0985942
0.0985919
0.0985918
0.0985922
0.0985923
0.0985905
0.0985905
0.0985803
0.0985737
0.0985665
0.0985622
0.098561
0.0985629
0.098565
0.0985656
0.0985622
0.0985545
0.0985441
0.0985343
0.0985279
0.0985259
0.0985322
0.0985322
0.0985373
0.0985365
0.09853
0.09853
0.0985042
0.0984879
0.0984727
0.0984629
0.0984585
0.0984584
0.0984608
0.0984617
0.0984575
0.0984575
0.098433
0.098418
0.098402
0.0983915
0.0983864
0.098386
0.0983887
0.0983904
0.0983876
0.0983785
0.0983645
0.0983493
0.0983493
0.0983321
0.0983311
0.0983343
0.098337
0.0983357
0.0983357
0.0983139
0.0983139
0.098278
0.0982647
0.0982572
0.0982554
0.0982577
0.0982609
0.0982602
0.0982531
0.0982395
0.0982231
0.0982231
0.098201
0.0981987
0.0982011
0.0982046
0.0982052
0.0981995
0.0981873
0.0981714
0.098157
0.0981488
0.0981467
0.0981494
0.0981535
0.0981544
0.0981489
0.0981364
0.09812
0.098105
0.0980965
0.0980965
0.0980972
0.0981016
0.0981077
0.0981068
0.0980982
0.0980982
0.0980643
0.0980441
0.0980161
0.0980129
0.0980229
0.0980323
0.0980323
0.0980361
0.0980361
0.0980255
0.0980077
0.0979875
0.0979875
0.0979875
0.0979623
0.0979602
0.0979635
0.0979658
0.0979658
0.0979605
0.0979512
0.0979382
0.0979249
0.0979145
0.0979098
0.0979105
0.0979139
0.0979156
0.097912
0.0979015
0.0978859
0.0978698
0.0978584
0.0978543
0.0979091
0.0979287
0.0979433
0.0979473
0.0979423
0.0979092
0.0978824
0.0978223
0.0978005
0.0977881
0.0977847
0.0977873
0.0977913
0.0977913
0.0977783
0.0977783
0.0977589
0.0977413
0.0977253
0.0977253
0.097714
0.0977161
0.0977225
0.0977177
0.0977048
0.0977048
0.0976628
0.0976378
0.0976174
0.0976174
0.0976174
0.0976026
0.0976055
0.0976141
0.0976173
0.0975956
0.0975719
0.0975014
0.09747
0.0974366
0.0974342
0.0974342
0.0974385
0.0974365
0.0974289
0.0974115
0.0973902
0.0973694
0.0973574
0.0973574
0.097357
0.097363
0.097363
0.0973716
0.0973716
0.097321
0.097297
0.0972694
0.0972452
0.0972553
0.0972707
0.0972845
0.0972734
0.0972249
0.0971927
0.0971642
0.0971464
0.0971411
0.0971411
0.097169
0.0971651
0.0971538
0.0971049
0.0970742
0.0970317
0.0970267
0.0970304
0.0970398
0.097049
0.097043
0.097043
0.0970256
0.097009
0.097009
0.0969935
0.0969873
0.0969961
0.0970266
0.0970417
0.0970353
0.0970149
0.0970149
0.0969368
0.0969265
0.0969265
0.0969265
0.0969279
0.0969313
0.0969313
0.0969369
0.0969341
0.0969231
0.0968811
0.0968579
0.0968396
0.0968227
0.0968227
0.0968282
0.0968304
0.0968304
0.0968304
0.0968084
0.0967891
0.0967334
0.0967115
0.0967013
0.096711
0.0967287
0.0967395
0.0967371
0.0967371
0.0966937
0.0966648
0.0966648
0.0966332
0.0966149
0.0966093
0.0966144
0.0966268
0.0966268
0.0966337
0.0966178
0.0965895
0.0965895
0.0965384
0.0965384
0.0965332
0.0965443
0.0965629
0.0965704
0.0965631
0.0965419
0.0965109
0.0964815
0.0964648
0.0964648
0.0964673
0.0964673
0.0964957
0.0964983
0.0964888
0.0964655
0.0964354
0.0964075
0.0963928
0.0963906
0.0963982
0.0964084
0.0964111
0.0964
0.0963751
0.0963426
0.0963138
0.0962983
0.0962958
0.0963033
0.0963138
0.0963138
0.0963057
0.0962805
0.0962426
0.0962087
0.0961889
0.0961833
0.0961887
0.0962009
0.0962072
0.0962005
0.0961789
0.0961466
0.0961144
0.0960948
0.096089
0.0960943
0.0961062
0.0961129
0.0961073
0.0961073
0.0960548
0.0959909
0.0959379
0.0959331
0.0959331
0.0959734
0.0959875
0.0959895
0.0959666
0.0959299
0.0958956
0.0958708
0.0958953
0.0959224
0.0959224
0.0959446
0.0959293
0.0959293
0.0958989
0.0958729
0.0958509
0.0958427
0.0958452
0.0958546
0.0958546
0.0958546
0.0958278
0.0958278
0.0957902
0.0957902
0.0957522
0.0957524
0.0957639
0.0957743
0.0957731
0.0957551
0.0957551
0.0956484
0.0956221
0.0955999
0.0955999
0.095592
0.0955937
0.0956032
0.0956073
0.095601
0.0955786
0.0955461
0.0955123
0.0954912
0.0954853
0.0954916
0.0955043
0.0955019
0.0954798
0.0954423
0.0954423
0.0954059
0.0953823
0.0953751
0.0953808
0.0953952
0.0954031
0.0953964
0.0953723
0.0953352
0.0952972
0.0952735
0.0952661
0.0952721
0.0952865
0.0952946
0.0952878
0.0952878
0.0952254
0.0951869
0.0951869
0.0951228
0.0951165
0.0951235
0.0951235
0.0951459
0.0951379
0.0951157
0.0950807
0.0950464
0.0950252
0.0950206
0.0950206
0.0950449
0.0950525
0.0950544
0.0950544
0.0950076
0.0950076
0.0949217
0.0949217
0.0948787
0.0948819
0.0948991
0.0949167
0.0949167
0.0949024
0.0948673
0.0948162
0.0947734
0.0947734
0.0947426
0.0947703
0.0947703
0.0948011
0.0948073
0.0948073
0.0947594
0.0947594
0.0946534
0.0946126
0.0945889
0.0945889
0.0945921
0.0946084
0.0946337
0.094639
0.094639
0.0945886
0.0945432
0.0944857
0.0944857
0.0944269
0.0944269
0.0944393
0.0944393
0.0944352
0.0943661
0.0943064
0.0943064
0.0941871
0.0941494
0.0941327
0.0941345
0.0941494
0.0941681
0.0941734
0.0941586
0.0941236
0.0940803
0.0940803
0.0940454
0.0940302
0.0940314
0.0940459
0.0940626
0.0940682
0.0940545
0.094022
0.0939813
0.093949
0.0939358
0.0939395
0.0939567
0.0939752
0.0939811
0.0939661
0.0939661
0.093878
0.093878
0.0937961
0.0937961
0.0937852
0.0938041
0.0938041
0.0938524
0.0938442
0.0938442
0.0937672
0.0937207
0.0936723
0.0936458
0.093639
0.0936492
0.093671
0.0936872
0.0936872
0.0936614
0.0936614
0.0935596
0.0935192
0.093494
0.0934912
0.0935038
0.0935289
0.0935448
0.0935422
0.0935422
0.0934743
0.0934314
0.0933852
0.0933616
0.0933616
0.0933729
0.0933981
0.0933981
0.093445
0.0934321
0.0934321
0.0933498
0.0933102
0.0932742
0.0932742
0.0932647
0.0932842
0.0933175
0.0933351
0.0933273
0.0932963
0.0932457
0.0932457
0.0931686
0.0931623
0.0931733
0.0932316
0.0932316
0.0932571
0.0932561
0.0932312
0.0932312
0.0931348
0.0931007
0.0930787
0.093078
0.0930923
0.0931418
0.0931418
0.0931418
0.0931437
0.0931091
0.0930542
0.0930039
0.0929765
0.0929722
0.0929858
0.0930099
0.0930223
0.0930112
0.0930112
0.0929243
0.0928742
0.0928233
0.0928233
0.0927928
0.0927928
0.092839
0.0928576
0.0928665
0.0928665
0.0928095
0.0927521
0.092677
0.0926265
0.0926004
0.0925989
0.0926134
0.0926359
0.0926423
0.0926244
0.0925828
0.0925828
0.092483
0.0924599
0.0924566
0.0924699
0.0924899
0.0924899
0.0924882
0.0924882
0.0923949
0.0923434
0.0922944
0.0922721
0.0922726
0.0922915
0.0923163
0.0923263
0.0923102
0.0922695
0.0922153
0.0921703
0.0921492
0.0921496
0.0921674
0.092191
0.0922003
0.0921847
0.092144
0.0920916
0.0920482
0.0920291
0.0920313
0.0920509
0.0920738
0.0920813
0.0920624
0.0920186
0.0919632
0.0919197
0.0919029
0.0919029
0.0919029
0.09196
0.0919817
0.0919895
0.0919694
0.0919245
0.091865
0.091865
0.0917942
0.0917945
0.0918139
0.0918385
0.0918464
0.0918261
0.0917804
0.0917213
0.091673
0.0916497
0.0916498
0.0916676
0.0916904
0.0916972
0.0916773
0.0916773
0.091574
0.0915275
0.0915275
0.0914749
0.0914817
0.0914817
0.0915261
0.0915268
0.0915108
0.0914696
0.0914215
0.0913813
0.0913813
0.0913731
0.0913971
0.0913971
0.091454
0.0914411
0.0914411
0.0913365
0.0913365
0.0912183
0.0911896
0.0911896
0.0912066
0.0912354
0.0912354
0.0912806
0.0912806
0.0912065
0.0911446
0.0911446
0.0910212
0.0910016
0.0910016
0.0910252
0.0910467
0.0910715
0.0910321
0.0910321
0.0908914
0.0908914
0.0908037
0.0908037
0.0908011
0.0908166
0.0908478
0.0908637
0.0908545
0.0908162
0.0907592
0.090705
0.090705
0.0906771
0.0906968
0.0907348
0.090757
0.0907498
0.0907131
0.0906505
0.0905877
0.0905516
0.0905516
0.0905567
0.0906303
0.0906303
0.0907126
0.0907049
0.0906674
0.0906674
0.0906046
0.0905685
0.0905564
0.0905564
0.0905935
0.0906263
0.0906263
0.090637
0.090637
0.090576
0.0905114
0.0905114
0.09037
0.0903444
0.0903443
0.0903634
0.0903865
0.0903899
0.0903899
0.0903074
0.0902405
0.0901591
0.0901094
0.0900939
0.0901211
0.0901211
0.0902243
0.0902243
0.090253
0.0902184
0.0900707
0.0899779
0.0899127
0.0898808
0.0898808
0.0898992
0.0898992
0.0899288
0.0899239
0.0898883
0.0898883
0.0898245
0.0897823
0.0897587
0.0897584
0.0897584
0.0897949
0.0897977
0.0897879
0.0897512
0.0897057
0.0897057
0.0896447
0.0896512
0.0896776
0.0897014
0.0897043
0.0896752
0.0896752
0.0895515
0.0895515
0.0894754
0.089474
0.0894959
0.0895304
0.0895462
0.0895291
0.0895291
0.0894121
0.0893514
0.089294
0.089294
0.0892707
0.0892949
0.0893394
0.089363
0.0893512
0.0893072
0.0892354
0.0891654
0.0891254
0.0891158
0.0891305
0.0891629
0.089184
0.0891771
0.0891375
0.0891375
0.0889821
0.0889229
0.0888901
0.0888901
0.0889128
0.0889528
0.0890088
0.0890261
0.089008
0.0889575
0.0888868
0.0888253
0.0887955
0.0887956
0.0887956
0.0888516
0.0888653
0.0888658
0.0888658
0.088769
0.088769
0.0886084
0.0885588
0.0885406
0.0885406
0.0885832
0.088615
0.088615
0.0886476
0.0886107
0.0885432
0.0885432
0.0884316
0.0884214
0.0884214
0.0884701
0.0884943
0.0885128
0.0884944
0.0884462
0.0883738
0.0883141
0.0882866
0.0882866
0.0883144
0.0883485
0.0883932
0.0883964
0.0883649
0.0883014
0.0882298
0.0881797
0.0881621
0.0881714
0.0882018
0.0882282
0.0882288
0.0881943
0.0881285
0.0881285
0.0880094
0.0879957
0.0880079
0.0880079
0.0880658
0.0880649
0.0880424
0.0879881
0.0879279
0.0878814
0.0878675
0.0878796
0.0879132
0.0879396
0.0879402
0.0879402
0.0878382
0.0877651
0.0876815
0.0876362
0.0876249
0.0876433
0.0876812
0.0877096
0.087705
0.0876643
0.0875919
0.0875176
0.0874763
0.0874684
0.0874872
0.0875257
0.087552
0.0875467
0.0875051
0.0874335
0.0873625
0.0873254
0.0873221
0.0873455
0.087388
0.0874145
0.0874057
0.0873608
0.0872864
0.0872156
0.0871795
0.0871775
0.0872023
0.0872448
0.0872695
0.0872581
0.0872106
0.0871347
0.0870647
0.0870296
0.087029
0.0870547
0.087097
0.08712
0.0871063
0.0870563
0.0869801
0.0869119
0.0868789
0.0868791
0.0869054
0.086946
0.0869664
0.0869664
0.0868972
0.0868208
0.0867194
0.0866574
0.086633
0.086633
0.0866762
0.0867162
0.0867661
0.0867691
0.0867341
0.086664
0.0865872
0.0865372
0.0865217
0.0865217
0.0865694
0.0865694
0.0866296
0.0866171
0.086568
0.0864861
0.0864139
0.0863776
0.0863776
0.0864488
0.0865087
0.0865462
0.0865406
0.0865406
0.0865406
0.086419
0.0863373
0.0863373
0.0862069
0.0861995
0.0862693
0.0863336
0.0864274
0.0863836
0.0863078
0.0861303
0.0860819
0.0861029
0.0861473
0.0861473
0.0861766
0.0861629
0.0861112
0.0860266
0.0859494
0.0859494
0.0859048
0.0859287
0.0859776
0.086008
0.086008
0.0859545
0.085874
0.0857634
0.0856917
0.0856588
0.0856895
0.085739
0.0858122
0.0857886
0.0857268
0.0855553
0.0854788
0.0854372
0.0854654
0.0855528
0.0855727
0.0855557
0.0855006
0.0854214
0.0854214
0.0853236
0.0853236
0.0853459
0.0853802
0.0853802
0.0854265
0.0854273
0.0853894
0.0853148
0.0852408
0.0852013
0.0851996
0.0852274
0.0852761
0.0853074
0.0853001
0.0852526
0.0851724
0.0850969
0.0850594
0.0850599
0.0850903
0.0851333
0.0851565
0.0851392
0.0850829
0.0850019
0.0849351
0.0849071
0.084913
0.0849465
0.0849897
0.0850084
0.0849848
0.0849224
0.0848401
0.084734
0.0847272
0.0847517
0.0847517
0.0847999
0.084808
0.084808
0.0847188
0.0846459
0.0845598
0.0845162
0.0845102
0.0845368
0.0845848
0.0846204
0.0846177
0.084573
0.0844924
0.0844134
0.0843733
0.0843733
0.0844007
0.0844514
0.0844514
0.0845458
0.0845246
0.0844627
0.0843791
0.0843135
0.0842879
0.0843327
0.0843924
0.0845248
0.0845105
0.0844424
0.0844424
0.0842085
0.0841031
0.0840412
0.0840412
0.0840277
0.0840277
0.0841658
0.0841658
0.0842792
0.0842806
0.08416
0.084047
0.0839252
0.0839252
0.0839252
0.0838208
0.0838315
0.0838315
0.0838764
0.0839508
0.0839452
0.0839452
0.0838962
0.0838962
0.0837783
0.0837506
0.083751
0.0837782
0.0838142
0.0838142
0.0838449
0.0838449
0.0837486
0.0836748
0.0835945
0.0835036
0.0834548
0.0834845
0.0835454
0.083594
0.0835992
0.0835592
0.0835592
0.0834798
0.0833951
0.0833474
0.0833384
0.0833384
0.0834101
0.083445
0.0834768
0.0834601
0.0834601
0.083321
0.0832069
0.0831087
0.0830591
0.0830565
0.083089
0.083145
0.083145
0.0831827
0.0831355
0.0830491
0.0829657
0.0829221
0.0829221
0.0829465
0.0829975
0.0830697
0.0830982
0.0830787
0.0830787
0.0829313
0.0828188
0.0827806
0.0827814
0.0827814
0.0827814
0.0828676
0.0829124
0.0829476
0.0829331
0.0829331
0.0827904
0.0827243
0.08267
0.0826611
0.0826843
0.0827356
0.0827356
0.0827879
0.0827499
0.082671
0.082671
0.0824521
0.0823996
0.0823891
0.0824149
0.0824718
0.0825244
0.0825357
0.0824991
0.0824206
0.0824206
0.0822817
0.0822715
0.082292
0.0823377
0.0823828
0.0823979
0.0823691
0.0823691
0.0822303
0.082196
0.082189
0.0822164
0.0822687
0.0823206
0.0823371
0.0823371
0.0822327
0.0821532
0.0820617
0.0820201
0.0820206
0.082058
0.0821185
0.0821185
0.0822002
0.0821837
0.082123
0.0820313
0.0819634
0.0819384
0.0819518
0.0819955
0.0820542
0.0820858
0.0820704
0.0819099
0.0819099
0.0817899
0.081725
0.0817088
0.0817343
0.0817343
0.081841
0.0818546
0.0818388
0.081777
0.0817049
0.0816504
0.081637
0.0816567
0.0817041
0.0817546
0.0817763
0.0817763
0.0816833
0.0816033
0.0816033
0.0814595
0.0814566
0.0814888
0.0814888
0.0815958
0.0816399
0.0816399
0.0816074
0.08153
0.08153
0.0813501
0.0813304
0.0813304
0.0813942
0.0814543
0.0815304
0.0815503
0.0815208
0.0814462
0.0813644
0.0813644
0.0813202
0.0813202
0.081421
0.0814742
0.0815618
0.081492
0.0813932
0.0812595
0.0811769
0.0811438
0.0811438
0.0811559
0.0811935
0.0811935
0.0811935
0.0812798
0.0812662
0.0812662
0.081143
0.0810884
0.0810437
0.0810426
0.0810724
0.0811302
0.081176
0.0811861
0.0811467
0.08107
0.0809939
0.0809618
0.0809688
0.0810096
0.0810734
0.0811177
0.0811163
0.0810663
0.0809795
0.0809017
0.0808694
0.0808773
0.0808773
0.0809838
0.0810269
0.0810559
0.0810323
0.0809694
0.0808812
0.0808248
0.0808121
0.0808375
0.0808375
0.0809456
0.0809613
0.0809511
0.0808931
0.0808242
0.0807675
0.0807552
0.0807777
0.0808296
0.0808794
0.0808944
0.0808588
0.0807788
0.0806903
0.0806449
0.0806444
0.0806803
0.0807423
0.0807891
0.0807896
0.0807412
0.0806502
0.0805645
0.0805244
0.0805264
0.0805634
0.0807084
0.0807696
0.0807558
0.0805716
0.0804249
0.0803174
0.0802669
0.0803107
0.0804527
0.0804998
0.0804394
0.0803414
0.0802057
0.0800754
0.0800746
0.0800746
0.0801099
0.0801291
0.0801383
0.0801096
0.0800642
0.0800118
0.0799967
0.0800135
0.0800606
0.0801179
0.0801557
0.0801516
0.0801021
0.0800301
0.0799765
0.0799683
0.0799976
0.0800569
0.0801172
0.0801411
0.080112
0.0800363
0.0800363
0.0798502
0.0798289
0.0798456
0.0798944
0.0799612
0.0800036
0.0799982
0.0799429
0.0798584
0.0797927
0.0797735
0.0797944
0.0798477
0.0799153
0.0799538
0.0799406
0.0798823
0.0797975
0.0797387
0.0797255
0.0797515
0.0798082
0.0798719
0.0799015
0.0799015
0.0798064
0.0797111
0.0795944
0.0795325
0.0795211
0.079554
0.0796159
0.0796839
0.0796839
0.0796795
0.0796025
0.0794845
0.0794845
0.0793897
0.0794098
0.0794681
0.0795466
0.0795466
0.0795871
0.0795286
0.0794264
0.0793464
0.0793121
0.0793196
0.0793609
0.0794263
0.0794773
0.0794773
0.0794412
0.0793616
0.079247
0.0791838
0.0791691
0.0791989
0.0792588
0.0793346
0.0793346
0.0793635
0.0793017
0.0791965
0.0791237
0.0790982
0.0791163
0.0791673
0.0792402
0.0792913
0.0792945
0.0792457
0.0791642
0.0790988
0.0790791
0.0790994
0.0791528
0.0792267
0.0792789
0.0792816
0.0792325
0.0792325
0.0790407
0.0789834
0.0789698
0.0790007
0.0790618
0.0791411
0.0791411
0.0791814
0.0791814
0.0790236
0.0789502
0.0789502
0.0788882
0.0789201
0.0789853
0.0789853
0.0790892
0.0790706
0.0790045
0.0790045
0.0788801
0.0788805
0.0789815
0.0791815
0.0792909
0.0793129
0.0793129
0.0792457
0.0792457
0.0791963
0.0792232
0.0792838
0.0793522
0.0793869
0.079366
0.0792964
0.0791444
0.079114
0.079114
0.079114
0.0791664
0.0792343
0.0793252
0.0793252
0.079346
0.0792788
0.0792788
0.0790911
0.0790631
0.0790631
0.0791202
0.0791894
0.0792802
0.0793132
0.0792912
0.0792198
0.0791297
0.0790725
0.0790635
0.0790943
0.0791553
0.0792154
0.0792154
0.0792007
0.0791191
0.0789966
0.0789966
0.0789001
0.0789001
0.0789848
0.079065
0.0791637
0.0791928
0.0791671
0.0790917
0.0790917
0.0789287
0.0789079
0.0789217
0.0789666
0.0790247
0.0790247
0.0790542
0.0789982
0.078898
0.0788219
0.0787948
0.0788122
0.0788643
0.0788643
0.078987
0.0789847
0.0789399
0.0788589
0.0787933
0.0787729
0.078793
0.0788462
0.0789174
0.0789627
0.0789582
0.0789022
0.0788164
0.0787508
0.0787333
0.078757
0.0788138
0.078885
0.078926
0.0789138
0.078851
0.0787623
0.0787019
0.078689
0.0787169
0.0787763
0.0789222
0.0789518
0.0788922
0.0787882
0.0787882
0.0786655
0.0786668
0.0786668
0.0787837
0.0788823
0.0788823
0.0789678
0.0788879
0.0784293
0.0783984
0.078447
0.0786184
0.078735
0.0788052
0.0787634
0.0786694
0.0784568
0.078426
0.0784402
0.0785625
0.0786565
0.0787305
0.0787377
0.0785994
0.0783429
0.0782273
0.0781705
0.0781705
0.0781675
0.0782087
0.0782782
0.0782782
0.0783496
0.0783539
0.0783064
0.0782111
0.0781357
0.0781357
0.0781137
0.0781566
0.0781566
0.0782939
0.0783205
0.0783204
0.0782751
0.0782261
0.0781982
0.0782095
0.0784212
0.0785355
0.0787293
0.0787205
0.0786402
0.0784486
0.0784486
0.0784234
0.078441
0.078441
0.0785731
0.0786325
0.0786816
0.0786816
0.0786155
0.0785238
0.0783956
0.0783956
0.0782999
0.0783267
0.0783267
0.0784872
0.0785409
0.0785708
0.0785434
0.0784721
0.0783794
0.0783286
0.078322
0.078322
0.0784137
0.0784765
0.0784765
0.0785562
0.0785133
0.0784241
0.078349
0.0783208
0.0783356
0.0783356
0.0784588
0.0785108
0.0785108
0.078531
0.0784725
0.0784725
0.0782473
0.078177
0.0781536
0.0781536
0.0782361
0.0783159
0.0784174
0.0784557
0.0784557
0.0783664
0.0782756
0.0781592
0.078098
0.078098
0.0781195
0.0781815
0.0782705
0.078319
0.0783126
0.0782532
0.0781633
0.0780954
0.0780733
0.0780912
0.0781417
0.0782132
0.0782655
0.0782719
0.0782719
0.0781463
0.0780846
0.0780297
0.0780258
0.0780583
0.078124
0.0781939
0.0782346
0.0782214
0.0781577
0.0780765
0.0780326
0.0780326
0.0780737
0.0781435
0.0782402
0.0782402
0.0782887
0.0782303
0.0782303
0.0780498
0.0780223
0.0780323
0.0780782
0.0781487
0.0782107
0.0782292
0.0781932
0.0781932
0.0780016
0.0779387
0.0779194
0.0779479
0.0780101
0.0780956
0.078154
0.0781578
0.0781077
0.078022
0.0779575
0.077941
0.0779666
0.078026
0.0781063
0.0781609
0.0781618
0.0781096
0.078025
0.078025
0.0779767
0.0780407
0.0782585
0.0783462
0.0783347
0.0782514
0.0781258
0.0780129
0.0780181
0.0780634
0.0780634
0.0780634
0.0781986
0.0782175
0.0782175
0.0782023
0.0781375
0.0780713
0.0780362
0.0780427
0.0780849
0.0781547
0.0782147
0.0782324
0.0781949
0.0781146
0.078037
0.0780073
0.0780207
0.0780207
0.078153
0.0782169
0.0782713
0.0782649
0.0782649
0.0781072
0.0780306
0.0779656
0.0779536
0.0779791
0.0780384
0.0781044
0.0781403
0.0781224
0.0780537
0.0779667
0.0779176
0.0779163
0.0779544
0.0779544
0.0780891
0.0781152
0.0781147
0.0780608
0.077998
0.0779507
0.0779505
0.0779865
0.0780534
0.0781148
0.0781394
0.0780269
0.0780269
0.0779072
0.0779072
0.0777283
0.0777247
0.0777666
0.0778382
0.0779103
0.0779339
0.0779005
0.0778175
0.0777278
0.0776839
0.0776841
0.0777222
0.077788
0.0778536
0.0778809
0.0778551
0.0777831
0.0777077
0.0776784
0.0776918
0.0777428
0.0778203
0.0778857
0.0779024
0.0778633
0.0777794
0.0777033
0.0776762
0.0776932
0.0777473
0.077827
0.0778889
0.0778981
0.0778527
0.0777652
0.0776925
0.0776925
0.0776885
0.0777445
0.0778327
0.0778985
0.0779093
0.0778645
0.0777722
0.0776884
0.0776528
0.0776612
0.0777068
0.0777789
0.0778404
0.0778554
0.0778147
0.0778147
0.0776559
0.0776289
0.0776376
0.0777558
0.0778504
0.0779539
0.0779172
0.0778311
0.0776848
0.077664
0.0776875
0.0776875
0.0778391
0.0779486
0.0779486
0.0779486
0.0780504
0.0780109
0.0779226
0.0778342
0.0777933
0.0777963
0.0778377
0.0779066
0.0779664
0.0779664
0.0779377
0.0778505
0.0777213
0.0776471
0.0776257
0.0776529
0.0777132
0.0777938
0.0777938
0.0778295
0.0777671
0.077659
0.0775809
0.0775519
0.0775679
0.0776186
0.077693
0.0777477
0.0777533
0.0777043
0.0776201
0.0775542
0.0775361
0.0775596
0.077617
0.0776956
0.0777499
0.0777518
0.0776998
0.0776153
0.077552
0.0775376
0.0775653
0.0776267
0.0776267
0.0777561
0.0777528
0.077705
0.0776266
0.0775725
0.0775725
0.0775991
0.077665
0.0778173
0.0778431
0.0778137
0.0778137
0.0776611
0.0776611
0.0776611
0.077634
0.0776807
0.0776807
0.0778294
0.0778471
0.0778309
0.0777627
0.0776137
0.0776137
0.0775675
0.0775681
0.0776072
0.0776072
0.0777698
0.0778996
0.0778996
0.0779086
0.0777856
0.0776806
0.0776806
0.0775848
0.0775486
0.0775486
0.0776125
0.077689
0.0777888
0.0778238
0.0778011
0.0777263
0.0776295
0.0775675
0.0775675
0.0775788
0.0775788
0.0777196
0.0777724
0.0777724
0.0777678
0.0776959
0.0776959
0.0775241
0.0775241
0.077538
0.0775955
0.0776824
0.077738
0.077738
0.0776837
0.0775912
0.0774599
0.0773854
0.0773643
0.0773643
0.0774607
0.0775509
0.077659
0.0776933
0.0776693
0.0776693
0.0774958
0.0774958
0.077398
0.077398
0.0774443
0.0775117
0.0776029
0.0777145
0.0777527
0.0777326
0.0776602
0.0775436
0.0774664
0.077441
0.077463
0.077463
0.0775975
0.0776463
0.0776763
0.0776479
0.0775836
0.0775025
0.0775025
0.0774655
0.0775049
0.0775788
0.0776778
0.0776778
0.0776738
0.0776604
0.0776265
0.0776041
0.0776005
0.0776293
0.0776758
0.0777202
0.0777202
0.0777042
0.0776437
0.0776437
0.0775043
0.0775043
0.0775429
0.0776101
0.0777047
0.0777594
0.0776164
0.07748
0.0773552
0.0772851
0.0773258
0.0775273
0.0776409
0.0777027
0.0777027
0.0776421
0.0776421
0.0775377
0.0774791
0.0774791
0.0774767
0.0774767
0.0775198
0.0775332
0.0775264
0.0774803
0.0774803
0.0774001
0.0774075
0.0774075
0.0775172
0.0775172
0.0776199
0.0776075
0.0775437
0.0774467
0.0773827
0.0773698
0.0774012
0.0774012
0.0775589
0.0775589
0.0776251
0.0775848
0.0774963
0.0774003
0.0773544
0.0773544
0.0773951
0.0774639
0.077559
0.077559
0.0775832
0.0775129
0.0775129
0.0773162
0.0772857
0.0772945
0.0773397
0.0774097
0.0774649
0.077472
0.0774238
0.0773362
0.0772621
0.0772378
0.0772571
0.0773124
0.0773905
0.0773905
0.0774434
0.0774434
0.0772874
0.0772049
0.0771305
0.0771134
0.0771134
0.0771982
0.0771982
0.0773683
0.0773686
0.0771831
0.077031
0.077031
0.0769247
0.0768849
0.0769008
0.076958
0.076958
0.076958
0.0770591
0.0770292
0.0769578
0.0768824
0.0768479
0.076851
0.0768891
0.0769536
0.0770183
0.0770183
0.0770326
0.0769741
0.0768756
0.0768257
0.076826
0.0768714
0.0769483
0.077032
0.0770727
0.0770531
0.0769809
0.0768934
0.0768516
0.0768544
0.0768981
0.0768981
0.0770442
0.0770756
0.0770764
0.077022
0.0769595
0.0769169
0.0769188
0.0769584
0.0770291
0.0770981
0.0771297
0.0771035
0.077028
0.0769448
0.07691
0.0769201
0.0769702
0.0770484
0.0770484
0.077132
0.0770915
0.0768679
0.0768679
0.0767469
0.0767469
0.0766723
0.0767116
0.0767927
0.0768822
0.0769279
0.0769117
0.076842
0.0767448
0.076685
0.0766719
0.0766996
0.0767586
0.0767586
0.0768855
0.0768858
0.0768457
0.0767794
0.0767376
0.0767388
0.0767796
0.0768515
0.0769267
0.0769649
0.0769454
0.0768735
0.0767889
0.076751
0.0767582
0.0768063
0.0768834
0.0769551
0.0769791
0.0769448
0.0769448
0.0767749
0.07674
0.0767431
0.0767864
0.0768584
0.076932
0.0769644
0.0769644
0.0768624
0.0767784
0.0766803
0.0766414
0.0766486
0.0766998
0.0767781
0.0767781
0.0768702
0.0768321
0.0767433
0.0766587
0.0766233
0.0766331
0.0766816
0.0767576
0.0768249
0.0768446
0.0768064
0.0768064
0.0766439
0.0766157
0.0766244
0.0766721
0.0766721
0.0768196
0.0768493
0.0768493
0.0767974
0.0767403
0.0766736
0.0766736
0.076686
0.0767494
0.0768463
0.0769167
0.0769251
0.0768768
0.0767792
0.0766576
0.0766614
0.0766614
0.0766614
0.0767777
0.0767777
0.0769197
0.076924
0.0768737
0.076774
0.0766945
0.0766656
0.076683
0.0767375
0.0768176
0.0768746
0.0768746
0.0768241
0.0767317
0.0766001
0.0765265
0.0765265
0.0765378
0.0765378
0.0766962
0.0766962
0.0767799
0.0767471
0.0766638
0.0765681
0.0765207
0.0765204
0.0765601
0.0766289
0.0766985
0.0767276
0.0767011
0.0767011
0.0765438
0.0765097
0.0765106
0.0765518
0.0766219
0.0766219
0.0767351
0.0767181
0.0766547
0.0765793
0.0765477
0.0765599
0.0765599
0.076692
0.076761
0.0768269
0.0768277
0.0767753
0.0766747
0.0766747
0.076572
0.0765931
0.0766553
0.0767421
0.0768012
0.0768006
0.0767445
0.07664
0.0765552
0.0765209
0.0765209
0.0765824
0.0766583
0.0767589
0.0768017
0.0767839
0.0767121
0.0766175
0.0765594
0.0765512
0.076585
0.0766507
0.0767233
0.076758
0.0767355
0.0766603
0.0765707
0.0765253
0.0765262
0.0765262
0.076639
0.0767067
0.0767784
0.0767813
0.0767302
0.0767302
0.0765489
0.0765185
0.0765253
0.0765253
0.0766411
0.0767043
0.0767665
0.0767665
0.0767151
0.0766199
0.0764824
0.0764044
0.0763835
0.0763835
0.0764803
0.0765673
0.0766754
0.0767104
0.0766878
0.0766112
0.0766112
0.0764611
0.0764533
0.0764825
0.0765429
0.0765429
0.0766464
0.0766464
0.076573
0.0764986
0.0764033
0.0763641
0.0763641
0.0764196
0.0764973
0.0766009
0.0766009
0.0765668
0.0764516
0.0762035
0.0761653
0.0761774
0.0763088
0.0765058
0.0765889
0.0765995
0.0764578
0.0764578
0.0763187
0.076242
0.0762195
0.0762466
0.0763052
0.0763822
0.0763822
0.0764181
0.0763554
0.0763554
0.0760934
0.0759192
0.0759067
0.0760176
0.0761184
0.0761184
0.0762756
0.0762756
0.0762555
0.0762164
0.0761545
0.0761286
0.0761286
0.0761359
0.076171
0.0762301
0.0762301
0.0763483
0.0763621
0.0763406
0.076286
0.0762482
0.0762496
0.0762912
0.0763641
0.0764387
0.0764748
0.0764515
0.0763759
0.0762886
0.076372
0.0764803
0.0766172
0.0766172
0.0766712
0.076502
0.0763525
0.0762232
0.0761563
0.0761496
0.0761496
0.0761496
0.0762576
0.0763334
0.076415
0.076415
0.0764241
0.0763774
0.0762802
0.0761109
0.0760859
0.0761321
0.0762102
0.0762102
0.0763321
0.076341
0.0762938
0.0762062
0.0761319
0.0761078
0.076128
0.076128
0.0762661
0.0763236
0.0763668
0.076348
0.0762878
0.0762012
0.0762012
0.076159
0.0762023
0.0762829
0.0763592
0.0763883
0.0763574
0.0762746
0.0762746
0.0761323
0.076133
0.0761724
0.0762417
0.0763056
0.0763273
0.0762903
0.0762062
0.076122
0.0760889
0.0761016
0.0761542
0.0762344
0.0762344
0.0763073
0.0762594
0.0761616
0.0761616
0.0760468
0.0760628
0.0761201
0.0762041
0.0762668
0.0762668
0.0762173
0.0761186
0.0759771
0.0759771
0.0758691
0.0758897
0.0759563
0.0759563
0.0761077
0.0761066
0.0760533
0.0759559
0.0758802
0.0758802
0.0758673
0.0759176
0.0759992
0.0760632
